1796
1950
1951
1953
1954
1955
1957
1958
1960
1964
1967
1970
1971
1972
1973
1974
1975
1978
1980
1981
1983
1985
1987
1988
1989
1990
1991
1993
1994
1995
1997
1998
1999
2000
2002
2003
2005
2006
2008
2012
2015
2016
2018
2020
2021
2022
2025
2027
2028
2030
2033
2035
2036
2037
2038
2039
2040
2041
2043
2045
2048
2050
2051
2053
2054
2059
2060
2062
2064
2065
2067
2068
2072
2073
2074
2090
2137
2141
2142
2143
2144
2146
2148
2150
2151
2152
2154
2155
2156
2157
2158
2160
2161
2162
2163
2168
2169
2172
2173
2174
2177
2178
2179
2180
2184
2185
2186
2187
2189
2190
2192
2193
2194
2195
2196
2197
2199
2200
2201
2202
2203
2204
2206
2209
2211
2212
2213
2219
2221
2226
2227
2228
2229
2238
2239
2240
2249
2250
2254
2255
2259
2260
2261
2262
2265
2275
2281
2288
2292
2304
2325
2335
2336
2349
2392
2398
2400
2402
2403
2404
2405
2406
2409
2411
2412
2413
2414
2415
2416
2419
2420
2421
2423
2424
2426
2427
2428
2429
2430
2431
2432
2434
2435
2437
2438
2439
2440
2441
2443
2444
2445
2447
2448
2449
2450
2451
2453
2456
2458
2466
2468
2469
2470
2473
2474
2475
2476
2478
2481
2482
2483
2485
2486
2487
2488
2490
2493
2496
2498
2499
2500
2501
2506
2507
2509
2511
2513
2514
2515
2517
2522
2523
2524
2528
2531
2554
2568
2571
2592
2594
2597
2598
2599
2600
2603
2604
2605
2606
2608
2612
2613
2615
2617
2618
2619
2621
2622
2623
2626
2627
2628
2631
2633
2634
2635
2638
2639
2640
2642
2643
2645
2646
2648
2649
2651
2653
2655
2657
2658
2659
2660
2661
2664
2665
2667
2671
2672
2675
2676
2679
2680
2681
2682
2683
2684
2685
2687
2688
2689
2690
2691
2696
2697
2701
2702
2703
2705
2707
2710
2716
2717
2718
2721
2722
2724
2731
2732
2737
2743
2744
2752
2754
2760
2761
2762
2782
2786
2787
2789
2790
2791
2792
2795
2796
2798
2799
2800
2801
2802
2803
2804
2805
2806
2807
2808
2809
2811
2812
2813
2814
2815
2816
2817
2818
2821
2822
2823
2824
2825
2826
2827
2828
2829
2830
2832
2833
2834
2835
2837
2838
2840
2841
2842
2843
2845
2846
2847
2848
2849
2850
2851
2852
2854
2856
2857
2858
2859
2860
2861
2862
2863
2865
2866
2868
2870
2875
2877
2878
2879
2880
2882
2883
2887
2888
2891
2892
2893
2894
2895
2897
2898
2899
2900
2901
2902
2903
2904
2905
2906
2907
2908
2909
2910
2911
2912
2913
2914
2915
2917
2918
2919
2920
2921
2922
2925
2947
2948
2950
2952
2969
2972
2973
2974
2975
2976
2978
2979
2980
2981
2982
2983
2984
2985
2986
2987
2988
2989
2991
2992
2993
2994
2996
2997
2998
2999
3000
3002
3003
3004
3005
3007
3008
3009
3010
3012
3013
3015
3017
3018
3019
3021
3023
3024
3025
3026
3027
3028
3029
3030
3031
3032
3034
3035
3036
3037
3038
3039
3040
3041
3042
3043
3045
3046
3047
3048
3049
3050
3051
3053
3054
3055
3056
3058
3059
3060
3063
3064
3067
3070
3071
3072
3075
3077
3078
3079
3081
3082
3083
3084
3085
3086
3087
3088
3089
3090
3095
3096
3097
3100
3101
3104
3105
3109
3112
3117
3118
3130
3131
3132
3133
3134
3135
3136
3137
3138
3139
3140
3141
3142
3146
3147
3148
3149
3151
3153
3155
3156
3158
3159
3160
3161
3162
3165
3166
3168
3169
3170
3171
3172
3173
3174
3175
3176
3177
3178
3179
3180
3181
3182
3183
3186
3187
3188
3189
3190
3191
3192
3193
3195
3196
3198
3199
3200
3202
3203
3205
3207
3208
3210
3211
3212
3213
3214
3216
3217
3218
3219
3220
3221
3222
3225
3226
3228
3229
3230
3234
3237
3240
3241
3242
3243
3245
3246
3247
3248
3249
3250
3251
3252
3253
3254
3255
3258
3259
3262
3263
3265
3266
3268
3269
3271
3272
3274
3276
3278
3279
3280
3283
3284
3286
3287
3305
3306
3307
3308
3309
3310
3311
3313
3314
3315
3317
3318
3319
3320
3321
3322
3324
3325
3326
3327
3328
3329
3330
3331
3333
3334
3336
3337
3338
3340
3341
3342
3343
3344
3345
3346
3347
3348
3349
3350
3351
3352
3353
3354
3355
3356
3357
3358
3359
3360
3361
3362
3364
3365
3366
3367
3368
3369
3370
3371
3372
3373
3374
3375
3376
3377
3378
3379
3380
3381
3383
3384
3385
3386
3387
3389
3390
3391
3392
3393
3394
3395
3396
3397
3398
3399
3400
3401
3402
3403
3404
3405
3406
3407
3408
3409
3410
3411
3412
3413
3415
3416
3417
3419
3420
3422
3423
3424
3425
3426
3427
3428
3429
3430
3431
3432
3433
3434
3435
3437
3438
3439
3440
3441
3442
3443
3445
3446
3447
3449
3451
3452
3457
3459
3461
3462
3463
3464
3467
3471
3472
3473
3494
3495
3500
3503
3504
3505
3506
3507
3508
3509
3511
3512
3513
3514
3516
3517
3519
3520
3521
3522
3523
3524
3526
3527
3528
3529
3530
3531
3532
3534
3535
3536
3537
3539
3540
3542
3543
3545
3546
3547
3548
3550
3551
3553
3554
3555
3556
3557
3558
3559
3560
3561
3562
3563
3564
3565
3567
3568
3570
3571
3572
3573
3574
3575
3576
3577
3578
3580
3582
3583
3584
3585
3587
3588
3590
3591
3592
3593
3594
3595
3596
3597
3598
3599
3600
3601
3602
3604
3605
3606
3607
3608
3610
3612
3615
3616
3617
3618
3620
3621
3624
3625
3626
3628
3629
3630
3631
3632
3634
3635
3636
3637
3638
3639
3641
3642
3660
3661
3664
3666
3667
3671
3672
3673
3674
3676
3678
3679
3680
3681
3683
3685
3686
3687
3688
3689
3690
3694
3695
3696
3697
3698
3699
3701
3702
3704
3705
3708
3709
3710
3711
3713
3714
3715
3716
3717
3719
3720
3721
3722
3723
3725
3728
3729
3730
3731
3733
3734
3736
3737
3738
3739
3740
3741
3743
3744
3745
3746
3748
3749
3750
3751
3752
3753
3754
3755
3756
3757
3758
3759
3760
3761
3762
3763
3764
3765
3766
3768
3769
3770
3771
3772
3773
3774
3775
3776
3777
3778
3779
3781
3782
3783
3784
3785
3786
3787
3788
3789
3790
3791
3793
3794
3795
3796
3798
3800
3801
3803
3806
3807
3808
3810
3811
3812
3814
3815
3816
3818
3820
3821
3822
3823
3825
3826
3827
3828
3830
3831
3832
3833
3835
3838
3842
3843
3844
3846
3848
3849
3850
3851
3852
3853
3854
3855
3857
3858
3861
3862
3863
3864
3867
3868
3869
3870
3871
3872
3874
3875
3876
3877
3878
3879
3880
3881
3882
3885
3888
3889
3890
3892
3893
3910
3912
3913
3914
3916
3917
3918
3919
3920
3921
3923
3925
3926
3927
3928
3929
3930
3931
3933
3934
3935
3936
3937
3938
3939
3940
3941
3943
3944
3945
3947
3948
3951
3952
3953
3954
3955
3956
3958
3959
3960
3961
3962
3963
3964
3965
3966
3967
3968
3969
3970
3971
3972
3973
3974
3975
3976
3977
3978
3979
3980
3981
3982
3983
3985
3986
3987
3988
3989
3990
3992
3994
3995
3996
3998
3999
4000
4001
4002
4003
4004
4005
4009
4010
4011
4012
4013
4015
4016
4017
4018
4019
4020
4021
4022
4024
4025
4026
4028
4029
4030
4031
4032
4033
4034
4035
4036
4037
4038
4040
4041
4042
4043
4045
4046
4047
4048
4049
4050
4052
4053
4056
4057
4058
4060
4061
4063
4065
4067
4068
4069
4070
4071
4072
4073
4074
4075
4076
4077
4078
4079
4080
4081
4082
4084
4085
4086
4089
4090
4091
4092
4093
4094
4095
4096
4097
4098
4099
4100
4101
4102
4103
4104
4106
4107
4108
4109
4110
4111
4112
4113
4114
4115
4116
4118
4119
4120
4122
4123
4124
4125
4127
4128
4129
4130
4131
4132
4133
4134
4135
4136
4137
4138
4139
4140
4142
4143
4144
4145
4146
4147
4148
4150
4151
4152
4153
4154
4155
4156
4157
4158
4159
4160
4161
4162
4163
4164
4165
4166
4167
4168
4169
4170
4171
4172
4173
4174
4175
4176
4177
4178
4179
4180
4181
4183
4184
4185
4186
4187
4188
4189
4190
4191
4192
4194
4195
4196
4197
4199
4200
4201
4202
4203
4204
4205
4206
4208
4210
4211
4212
4214
4215
4217
4219
4220
4221
4222
4223
4224
4225
4226
4227
4228
4229
4230
4231
4232
4233
4235
4236
4238
4239
4240
4241
4242
4243
4244
4245
4246
4247
4248
4249
4251
4252
4253
4254
4255
4256
4257
4258
4260
4261
4262
4263
4264
4265
4266
4267
4269
4270
4271
4272
4273
4274
4275
4276
4277
4278
4279
4280
4281
4282
4283
4284
4286
4287
4288
4289
4290
4292
4293
4294
4295
4296
4297
4298
4299
4300
4301
4304
4305
4306
4307
4308
4310
4311
4312
