1911
1914
1918
1920
1925
1926
1932
1935
1936
1940
1944
1945
1947
1948
1949
1950
1951
1953
1957
1958
1959
1960
1962
1964
1965
1967
1969
1971
1977
1981
1985
1987
1993
1995
2002
2004
2006
2008
2009
2011
2012
2013
2014
2017
2021
2025
2027
2028
2039
2041
2072
2074
2077
2088
2089
2091
2092
2094
2095
2096
2097
2099
2100
2101
2104
2105
2106
2109
2115
2116
2117
2118
2120
2124
2127
2129
2130
2133
2135
2140
2143
2151
2153
2154
2155
2160
2163
2164
2165
2167
2168
2169
2178
2180
2182
2183
2185
2186
2188
2190
2191
2192
2194
2196
2201
2204
2205
2207
2208
2210
2211
2216
2217
2218
2240
2284
2285
2286
2287
2288
2290
2291
2292
2294
2295
2298
2300
2301
2302
2303
2304
2305
2307
2308
2309
2310
2311
2312
2314
2316
2317
2318
2319
2320
2321
2322
2323
2324
2325
2326
2327
2328
2329
2330
2331
2332
2335
2336
2337
2338
2339
2340
2341
2342
2343
2345
2346
2347
2350
2351
2353
2355
2356
2358
2359
2362
2363
2365
2368
2369
2370
2372
2373
2376
2379
2380
2381
2383
2384
2385
2387
2388
2390
2393
2394
2395
2396
2397
2399
2401
2409
2411
2413
2416
2420
2424
2425
2426
2427
2431
2432
2433
2435
2436
2437
2438
2441
2461
2463
2464
2467
2468
2470
2471
2472
2474
2475
2477
2478
2479
2480
2481
2483
2484
2486
2487
2488
2490
2493
2494
2495
2496
2497
2498
2499
2500
2503
2504
2505
2507
2509
2511
2514
2518
2519
2521
2524
2525
2526
2527
2529
2530
2531
2534
2535
2536
2538
2539
2540
2541
2542
2544
2545
2546
2548
2550
2555
2556
2560
2561
2563
2565
2567
2568
2570
2574
2575
2578
2579
2580
2584
2585
2587
2594
2595
2597
2601
2607
2618
2624
2625
2626
2627
2628
2630
2632
2633
2635
2637
2638
2639
2640
2641
2642
2643
2644
2645
2646
2647
2648
2649
2650
2651
2652
2653
2654
2655
2656
2657
2658
2659
2661
2662
2663
2664
2666
2668
2669
2670
2671
2672
2673
2674
2676
2677
2678
2679
2680
2681
2682
2683
2684
2685
2686
2687
2688
2690
2691
2692
2693
2694
2695
2696
2697
2699
2700
2701
2702
2703
2705
2709
2710
2712
2713
2714
2716
2717
2719
2721
2722
2723
2724
2725
2726
2727
2732
2733
2735
2737
2739
2740
2741
2744
2745
2746
2747
2748
2750
2751
2752
2753
2755
2762
2765
2775
2791
2795
2796
2797
2798
2799
2800
2801
2802
2803
2805
2807
2808
2809
2811
2812
2813
2814
2815
2816
2817
2818
2819
2820
2821
2824
2825
2826
2827
2828
2829
2830
2831
2833
2834
2835
2837
2839
2840
2842
2844
2845
2850
2854
2855
2856
2857
2861
2862
2863
2864
2865
2866
2867
2868
2869
2871
2872
2875
2876
2877
2878
2879
2881
2882
2883
2884
2885
2887
2888
2890
2891
2892
2896
2897
2898
2899
2900
2901
2902
2903
2905
2906
2907
2908
2910
2916
2917
2918
2921
2922
2926
2929
2930
2931
2936
2938
2942
2945
2962
2964
2968
2970
2971
2972
2973
2974
2975
2977
2978
2980
2981
2982
2983
2984
2985
2986
2987
2988
2990
2991
2992
2993
2994
2995
2997
2998
2999
3000
3001
3002
3003
3004
3005
3006
3007
3008
3009
3010
3011
3015
3016
3017
3018
3019
3020
3021
3022
3023
3024
3025
3026
3027
3028
3029
3030
3031
3033
3035
3036
3037
3038
3039
3040
3042
3043
3044
3045
3046
3047
3048
3052
3053
3056
3057
3058
3059
3060
3065
3066
3068
3072
3073
3074
3075
3077
3078
3082
3084
3085
3088
3090
3091
3092
3093
3094
3095
3096
3097
3098
3099
3100
3101
3103
3106
3107
3110
3111
3113
3114
3133
3134
3138
3139
3140
3141
3142
3143
3144
3146
3147
3148
3149
3150
3151
3152
3153
3154
3155
3156
3157
3158
3159
3160
3161
3162
3163
3166
3167
3168
3169
3170
3171
3172
3173
3174
3175
3176
3178
3180
3181
3183
3184
3185
3186
3187
3188
3189
3190
3191
3192
3194
3195
3197
3198
3199
3200
3201
3203
3204
3205
3207
3209
3210
3211
3212
3214
3215
3216
3217
3218
3219
3220
3221
3223
3224
3228
3229
3232
3234
3236
3237
3238
3240
3243
3244
3245
3246
3247
3248
3250
3251
3253
3255
3256
3257
3259
3260
3261
3262
3263
3264
3265
3266
3267
3268
3269
3270
3272
3273
3274
3275
3277
3278
3279
3280
3281
3282
3283
3285
3286
3287
3289
3290
3292
3293
3294
3295
3296
3317
3318
3319
3321
3322
3324
3325
3326
3327
3328
3329
3330
3333
3334
3336
3337
3338
3339
3340
3341
3343
3344
3345
3346
3347
3348
3349
3350
3351
3352
3357
3358
3361
3362
3363
3377
3379
3380
3381
3383
3385
3386
3387
3388
3389
3391
3392
3393
3394
3395
3396
3397
3398
3399
3400
3401
3402
3403
3404
3405
3407
3408
3409
3411
3412
3413
3414
3416
3418
3420
3421
3422
3423
3424
3425
3426
3427
3429
3430
3432
3433
3434
3435
3436
3437
3438
3439
3440
3443
3446
3447
3448
3450
3452
3453
3454
3457
3458
3459
3460
3461
3463
3464
3466
3467
3468
3469
3470
3471
3472
3473
3474
3475
3476
3477
3478
3479
3480
3481
3482
3483
3484
3485
3487
3488
3489
3490
3491
3493
3494
3495
3497
3498
3499
3501
3505
3506
3509
3513
3514
3515
3517
3518
3519
3521
3522
3523
3524
3526
3527
3528
3529
3531
3532
3534
3535
3536
3537
3538
3539
3540
3541
3542
3543
3544
3545
3546
3547
3548
3549
3550
3551
3552
3553
3554
3555
3556
3557
3560
3561
3562
3563
3564
3565
3566
3567
3568
3569
3571
3574
3575
3576
3577
3578
3579
3580
3581
3582
3583
3585
3586
3588
3589
3590
3591
3592
3594
3595
3596
3598
3599
3600
3602
3603
3604
3605
3606
3607
3608
3609
3610
3611
3612
3614
3615
3618
3619
3621
3622
3624
3625
3626
3627
3628
3629
3630
3631
3632
3633
3634
3635
3636
3638
3640
3641
3642
3643
3644
3646
3647
3648
3649
3650
3651
3652
3653
3654
3655
3656
3657
3658
3659
3660
3661
3662
3663
3664
3665
3666
3667
3668
3669
3671
3673
3674
3675
3676
3678
3679
3680
3681
3682
3684
3685
3686
3687
3688
3691
3693
3700
3701
3709
3710
3713
3714
3715
3716
3717
3718
3719
3720
3721
3722
3723
3724
3725
3726
3727
3728
3730
3731
3732
3733
3734
3735
3736
3737
3738
3739
3741
3742
3744
3747
3748
3749
3750
3751
3753
3754
3755
3756
3757
3758
3759
3761
3762
3763
3765
3766
3767
3768
3769
3770
3771
3772
3773
3776
3777
3778
3779
3780
3781
3783
3784
3785
3786
3787
3788
3789
3790
3791
3792
3793
3794
3795
3796
3798
3799
3800
3801
3802
3803
3804
3805
3806
3807
3808
3809
3810
3811
3812
3813
3814
3815
3816
3817
3818
3819
3820
3821
3822
3823
3824
3825
3826
3827
3830
3831
3833
3834
3836
3837
3838
3839
3840
3842
3844
3845
3846
3847
3848
3849
3850
3852
3853
3854
3855
3856
3857
3858
3859
3860
3861
3862
3864
3865
3866
3867
3868
3869
3870
3871
3872
3873
3875
3877
3878
3879
3880
3881
3882
3883
3884
3885
3886
3887
3889
3890
3891
3892
3893
3894
3895
3897
3898
3900
3901
3902
3903
3905
3906
3907
3908
3909
3910
3911
3912
3913
3918
3920
3921
3922
3923
3924
3925
3926
3927
3928
3929
3930
3931
3933
3934
3935
3936
3937
3938
3939
3940
3941
3942
3943
3944
3945
3946
3947
3948
3949
3950
3951
3952
3953
3954
3955
3956
3957
3958
3959
3960
3961
3962
3963
3964
3965
3966
3967
3968
3969
3970
3971
3972
3975
3976
3977
3978
3979
3980
3981
3982
3983
3984
3985
3986
3987
3988
3989
3990
3991
3992
3993
3994
3995
3996
3997
3998
3999
4000
4001
4002
4003
4004
4005
4006
4007
4008
4009
4010
4011
4012
4013
4014
4015
4016
4017
4019
4020
4021
4022
4023
4025
4026
4027
4028
4029
4030
4031
4032
4033
4034
4035
4036
4037
4038
4039
4040
4041
4042
4043
4044
4045
4046
4047
4048
4049
4051
4052
4053
4054
4055
4056
4057
4058
4059
4060
4061
4062
4063
4064
4065
4066
4067
4068
4069
4070
4071
4072
4073
4074
4075
4076
4077
4078
4079
4081
4082
4083
4084
4086
4087
4088
4089
4091
