4543
4544
4545
4546
4547
4552
4553
4554
4555
4556
4558
4559
4560
4561
4563
4564
4566
4567
4570
4571
4572
4573
4577
4578
4580
4581
4582
4583
4584
4585
4586
4587
4588
4589
4590
4594
4599
4600
4603
4604
4605
4606
4607
4610
4611
4612
4615
4617
4618
4620
4622
4623
4624
4626
4630
4631
4634
4635
4636
4637
4639
4640
4642
4643
4644
4647
4648
4649
4651
4652
4653
4659
4660
4661
4664
4666
4667
4668
4669
4670
4671
4674
4675
4676
4677
4679
4680
4682
4683
4684
4685
4687
4688
4690
4691
4693
4694
4696
4697
4698
4701
4702
4843
4863
4864
4870
4874
4878
4881
4882
4883
4884
4885
4886
4887
4888
4889
4890
4892
4893
4894
4895
4897
4898
4900
4901
4902
4903
4904
4906
4907
4908
4909
4910
4911
4914
4915
4917
4919
4920
4922
4925
4926
4928
4929
4931
4934
4935
4936
4937
4939
4940
4941
4942
4943
4953
4954
4962
4963
4964
4967
4968
4969
4970
4972
4973
4974
4976
4977
4978
4981
4983
4985
4987
4988
4989
4991
4993
4994
4997
4998
5002
5007
5010
5013
5014
5015
5018
5019
5021
5022
5023
5025
5026
5027
5029
5030
5032
5034
5035
5036
5049
5050
5056
5080
5081
5083
5084
5085
5086
5088
5089
5090
5091
5092
5095
5096
5098
5099
5100
5101
5102
5104
5106
5107
5108
5109
5110
5111
5112
5114
5116
5118
5119
5121
5122
5123
5125
5126
5127
5128
5129
5130
5131
5132
5133
5135
5136
5138
5139
5140
5141
5142
5143
5146
5147
5148
5149
5150
5152
5153
5154
5156
5158
5159
5161
5163
5166
5167
5168
5169
5170
5171
5173
5174
5175
5176
5177
5178
5179
5180
5181
5182
5183
5184
5186
5187
5188
5189
5190
5191
5192
5194
5195
5196
5201
5202
5203
5204
5205
5206
5207
5208
5209
5210
5211
5213
5215
5216
5217
5218
5219
5221
5224
5225
5226
5227
5233
5234
5236
5237
5241
5242
5245
5246
5247
5250
5257
5258
5263
5267
5275
5286
5305
5311
5312
5313
5314
5315
5320
5323
5327
5328
5329
5330
5331
5332
5333
5334
5335
5338
5339
5340
5343
5344
5345
5347
5351
5353
5354
5355
5358
5359
5360
5362
5363
5364
5366
5368
5369
5371
5372
5374
5377
5378
5380
5381
5382
5383
5388
5390
5393
5394
5395
5396
5397
5398
5399
5403
5404
5406
5407
5408
5409
5410
5411
5412
5416
5418
5419
5420
5421
5422
5425
5426
5429
5430
5431
5432
5435
5436
5437
5438
5441
5442
5445
5450
5451
5452
5454
5456
5457
5458
5459
5460
5461
5462
5469
5470
5471
5473
5474
5475
5477
5478
5479
5480
5487
5488
5490
5496
5499
5522
5523
5524
5525
5526
5528
5529
5530
5531
5532
5533
5534
5535
5536
5538
5542
5543
5545
5547
5548
5549
5550
5551
5552
5554
5557
5558
5559
5560
5562
5563
5565
5571
5573
5576
5577
5578
5579
5580
5582
5583
5584
5585
5587
5588
5589
5591
5592
5593
5594
5596
5597
5598
5599
5600
5601
5602
5603
5605
5607
5609
5610
5612
5613
5614
5615
5617
5618
5619
5622
5623
5624
5625
5626
5627
5629
5630
5632
5633
5635
5638
5639
5640
5641
5642
5643
5645
5646
5647
5648
5649
5650
5651
5652
5653
5654
5656
5657
5658
5662
5663
5665
5666
5667
5668
5671
5672
5673
5674
5675
5677
5678
5679
5683
5685
5686
5690
5691
5693
5694
5696
5699
5700
5704
5708
5712
5713
5715
5720
5721
5737
5739
5740
5744
5745
5746
5748
5753
5757
5759
5760
5761
5796
5797
5798
5799
5800
5801
5802
5804
5805
5806
5809
5810
5811
5812
5813
5814
5817
5819
5820
5822
5825
5826
5827
5828
5829
5830
5831
5834
5835
5836
5837
5838
5839
5840
5843
5844
5845
5846
5848
5850
5853
5854
5856
5857
5858
5859
5860
5861
5862
5863
5864
5867
5868
5869
5870
5872
5873
5874
5875
5876
5877
5878
5880
5881
5882
5883
5884
5885
5886
5889
5892
5893
5895
5896
5899
5903
5904
5905
5906
5908
5910
5911
5912
5913
5914
5915
5916
5918
5919
5920
5922
5924
5928
5929
5930
5931
5934
5936
5937
5938
5939
5940
5941
5942
5943
5944
5945
5946
5947
5950
5951
5952
5955
5957
5959
5965
5966
5967
5968
5970
5971
5972
5973
5974
5976
5979
5980
5983
5984
5985
5987
5988
5989
5991
5995
5998
6001
6003
6005
6006
6009
6010
6012
6014
6016
6022
6023
6028
6030
6035
6038
6058
6060
6061
6062
6063
6064
6067
6070
6072
6074
6075
6077
6078
6079
6080
6081
6082
6084
6085
6086
6087
6088
6089
6090
6092
6095
6097
6098
6099
6101
6103
6104
6105
6107
6108
6111
6112
6113
6114
6116
6117
6118
6119
6120
6121
6122
6123
6124
6125
6127
6128
6129
6130
6131
6133
6134
6136
6137
6138
6139
6140
6144
6145
6146
6147
6148
6149
6150
6151
6152
6153
6154
6156
6157
6158
6159
6160
6161
6162
6163
6164
6166
6168
6171
6172
6173
6174
6175
6176
6177
6178
6179
6181
6182
6183
6185
6186
6189
6191
6192
6194
6196
6199
6201
6203
6204
6205
6206
6207
6208
6209
6211
6214
6215
6216
6217
6218
6219
6221
6222
6223
6224
6225
6227
6228
6229
6230
6231
6233
6234
6235
6236
6238
6239
6240
6243
6244
6245
6247
6248
6249
6250
6251
6252
6253
6254
6255
6258
6262
6263
6264
6266
6267
6270
6273
6274
6275
6276
6277
6278
6279
6280
6281
6283
6284
6285
6286
6287
6289
6290
6291
6296
6299
6300
6301
6302
6318
6327
6328
6332
6333
6334
6335
6336
6338
6340
6341
6343
6344
6345
6346
6347
6348
6349
6350
6351
6352
6353
6354
6356
6357
6360
6361
6362
6363
6365
6367
6368
6369
6370
6372
6373
6374
6375
6376
6377
6378
6379
6380
6381
6382
6383
6384
6385
6387
6389
6390
6391
6392
6393
6394
6396
6398
6399
6400
6401
6402
6404
6405
6406
6407
6408
6409
6412
6413
6414
6415
6416
6417
6418
6419
6420
6421
6422
6423
6424
6427
6429
6430
6431
6432
6433
6434
6435
6436
6437
6438
6439
6440
6441
6442
6444
6445
6447
6448
6449
6450
6451
6453
6455
6456
6457
6458
6459
6462
6463
6466
6467
6468
6469
6470
6471
6472
6473
6474
6475
6476
6477
6479
6480
6481
6482
6483
6484
6486
6487
6493
6495
6498
6499
6501
6502
6504
6505
6508
6509
6510
6511
6512
6513
6514
6516
6517
6518
6519
6522
6523
6524
6525
6526
6529
6530
6535
6536
6539
6540
6541
6543
6548
6549
6550
6552
6553
6554
6556
6557
6558
6559
6560
6561
6563
6564
6565
6566
6568
6570
6571
6572
6573
6574
6598
6599
6600
6601
6602
6608
6609
6610
6611
6613
6614
6615
6616
6617
6618
6619
6620
6622
6623
6624
6625
6626
6627
6628
6629
6630
6631
6633
6634
6636
6637
6638
6640
6641
6643
6644
6645
6646
6647
6648
6649
6650
6651
6652
6653
6654
6656
6657
6658
6659
6661
6662
6663
6664
6665
6666
6667
6668
6669
6670
6671
6672
6673
6676
6677
6678
6679
6680
6682
6685
6686
6689
6691
6693
6694
6695
6696
6697
6698
6699
6700
6701
6702
6704
6705
6706
6707
6709
6710
6711
6712
6713
6714
6715
6716
6718
6719
6720
6721
6722
6723
6725
6726
6727
6728
6729
6731
6733
6734
6735
6736
6737
6738
6739
6742
6743
6744
6745
6746
6748
6749
6750
6751
6752
6753
6754
6755
6756
6757
6758
6759
6760
6761
6762
6764
6765
6767
6768
6769
6770
6771
6772
6773
6774
6776
6777
6778
6781
6782
6783
6785
6786
6787
6788
6789
6790
6791
6792
6793
6794
6796
6797
6798
6799
6801
6802
6807
6820
6821
6825
6826
6832
6833
6835
6836
6841
6842
6843
6845
6847
6849
6850
6851
6852
6857
6859
6862
6863
6864
6865
6866
6868
6869
6870
6871
6872
6874
6875
6876
6877
6880
6881
6882
6883
6884
6885
6886
6888
6890
6891
6892
6893
6894
6895
6896
6897
6899
6901
6903
6904
6907
6909
6910
6911
6912
6913
6915
6916
6917
6918
6919
6920
6922
6923
6924
6925
6926
6927
6928
6929
6930
6931
6932
6933
6934
6935
6939
6940
6942
6943
6944
6945
6946
6947
6948
6950
6951
6953
6954
6955
6956
6957
6958
6959
6960
6961
6962
6964
6965
6966
6967
6968
6969
6970
6971
6972
6974
6975
6976
6977
6978
6979
6980
6983
6984
6985
6986
6987
6988
6989
6990
6991
6992
6994
6995
6997
6998
6999
7000
7001
7002
7003
7004
7005
7006
7007
7008
7009
7010
7011
7012
7013
7014
7015
7016
7017
7018
7019
7020
7021
7022
7023
7024
7025
7026
7027
7028
7029
7030
7031
7033
7034
7035
7036
7053
7055
7056
7057
7058
7059
7060
7061
7062
7065
7066
7067
7069
7070
7071
7073
7074
7075
7076
7077
7078
7079
7080
7081
7082
7084
7085
7086
7087
7088
7089
7090
7092
7098
7099
7100
7102
7103
7104
7105
7107
7108
7109
7110
7111
7112
7113
7114
7116
7117
7118
7120
7121
7122
7123
7124
7125
7126
7127
7128
7129
7131
7132
7133
7134
7135
7136
7137
7138
7139
7140
7141
7142
7143
7144
7145
7146
7147
7148
7149
7150
7151
7154
7155
7157
7158
7159
7160
7161
7162
7164
7165
7167
7168
7169
7170
7171
7172
7173
7174
7176
7178
7179
7180
7181
7182
7183
7184
7185
7187
7188
7189
7190
7191
7193
7194
7198
7201
7202
7203
7204
7205
7206
7207
7208
7209
7210
7211
7212
7213
7214
7215
7216
7217
7218
7219
7220
7221
7222
7223
7226
7229
7230
7232
7233
7234
7235
7237
7238
7239
7240
7241
7242
7244
7246
7247
7248
7249
7250
7251
7252
7253
7254
7255
7257
7258
7259
7260
7261
7262
7263
7264
7265
7266
7268
7269
7270
7271
7272
7273
7274
7275
7276
7277
7278
7279
7280
7281
7282
7283
7284
7286
7287
7288
7289
7290
7291
7293
7294
7295
7296
7297
7298
7300
7301
7302
7303
7304
7306
7307
7309
7310
7311
7312
7313
7314
7315
7316
7319
7321
7322
7325
7326
7327
7328
7329
7331
7333
7334
7335
7336
7337
7339
7340
7341
7342
7343
7345
7346
7347
7348
7349
7350
7351
7353
7355
7356
7357
7358
7359
7360
7361
7362
7363
7365
7366
7367
7369
7370
7371
7372
7373
7375
7376
7377
7378
7379
7380
7381
7382
7383
7384
7385
7386
7387
7388
7389
7390
7391
7392
7393
7394
7395
7396
7397
7398
7399
7400
7401
7403
7404
7405
7408
7409
7410
7411
7412
7413
7414
7415
7416
7418
7421
7422
7423
7424
7425
7427
7428
7429
7430
7431
7432
7434
7435
7436
7438
7439
7440
7441
7442
7443
7445
7446
7447
7448
7449
7450
7451
7452
7454
7455
7456
7457
7459
7460
7461
7462
7463
7464
7465
7466
7467
7468
7469
7470
7471
7472
7473
7474
7476
7477
7478
7479
7480
7481
7482
7484
7485
7487
7488
7489
7491
7492
7493
7494
7496
7497
7498
7500
7501
7503
7504
7506
7507
7509
7510
7511
7512
7513
7514
7515
7516
7517
7519
7521
7522
7523
7524
7525
7526
7527
7528
7529
7530
7531
7532
7533
7534
7535
7536
7537
7538
7539
7540
7541
7542
7543
7544
7545
7546
7547
7548
7549
7550
7551
7552
7553
7554
7555
7556
7557
7558
7562
7563
7564
7565
7566
7567
7568
7569
7570
7571
7572
7573
7574
7575
7576
7577
7578
7579
7581
7582
7583
7584
7586
7587
7591
7592
7593
7594
7595
7596
7597
7598
7599
7600
7601
7602
7603
7604
7605
7606
7607
7608
7609
7610
7611
7613
7614
7616
7617
7618
7619
7620
7621
7622
7625
7626
7627
7628
7629
7630
7631
7632
7633
7634
7636
7637
7638
7639
7640
7685
7843
7936
