5945
5947
5948
5949
5950
5951
5952
5953
5955
5956
5957
5959
5961
5962
5965
5966
5967
5968
5970
5972
5973
5974
5976
5977
5978
5979
5980
5981
5982
5984
5985
5986
5987
5988
5990
5991
5992
5993
5994
5997
5998
6000
6001
6002
6004
6005
6006
6012
6013
6016
6017
6018
6020
6021
6022
6025
6026
6027
6028
6031
6034
6035
6036
6037
6039
6040
6042
6043
6044
6046
6047
6050
6051
6052
6057
6058
6062
6063
6070
6071
6076
6077
6082
6085
6087
6093
6096
6099
6100
6101
6102
6103
6105
6110
6125
6129
6131
6152
6156
6163
6164
6165
6166
6167
6169
6170
6171
6172
6174
6175
6176
6177
6178
6180
6181
6182
6183
6184
6185
6186
6187
6188
6189
6191
6192
6194
6195
6196
6197
6198
6200
6201
6203
6207
6208
6209
6210
6213
6217
6218
6220
6221
6223
6226
6227
6228
6229
6231
6232
6234
6236
6241
6242
6243
6244
6245
6247
6250
6251
6253
6254
6255
6257
6258
6259
6263
6267
6270
6271
6272
6274
6276
6279
6280
6281
6283
6284
6298
6299
6300
6303
6305
6307
6308
6309
6310
6311
6312
6313
6314
6315
6316
6318
6319
6320
6321
6322
6323
6324
6326
6329
6331
6332
6334
6337
6341
6342
6343
6346
6350
6356
6366
6369
6410
6418
6421
6422
6427
6433
6434
6435
6436
6437
6438
6442
6444
6445
6447
6448
6452
6453
6458
6460
6461
6463
6464
6465
6466
6467
6469
6470
6472
6475
6477
6478
6479
6480
6481
6482
6484
6485
6487
6490
6491
6493
6494
6495
6498
6500
6503
6505
6507
6508
6510
6511
6513
6516
6518
6519
6520
6522
6523
6526
6527
6529
6531
6535
6539
6540
6544
6545
6548
6552
6553
6555
6556
6558
6559
6560
6566
6568
6569
6570
6571
6572
6573
6575
6577
6578
6580
6583
6586
6590
6591
6592
6593
6595
6604
6606
6608
6610
6613
6616
6620
6623
6627
6630
6632
6678
6682
6684
6685
6687
6688
6689
6690
6691
6692
6693
6694
6695
6696
6697
6698
6700
6701
6702
6704
6705
6706
6707
6709
6710
6712
6713
6715
6716
6717
6718
6719
6720
6721
6723
6725
6727
6728
6729
6730
6731
6732
6733
6734
6735
6736
6737
6738
6739
6740
6741
6742
6743
6745
6746
6747
6749
6750
6752
6753
6754
6756
6757
6758
6759
6760
6761
6762
6764
6765
6766
6767
6768
6769
6770
6771
6773
6774
6775
6776
6777
6780
6781
6782
6783
6784
6785
6788
6789
6790
6791
6792
6793
6794
6795
6804
6809
6811
6815
6816
6818
6819
6820
6823
6826
6827
6828
6831
6832
6833
6834
6835
6837
6838
6840
6841
6842
6843
6844
6845
6846
6847
6849
6850
6854
6859
6860
6861
6862
6863
6865
6869
6874
6878
6881
6883
6885
6893
6894
6897
6942
6944
6946
6949
6951
6952
6953
6954
6955
6956
6958
6960
6963
6964
6965
6969
6970
6971
6972
6973
6974
6976
6977
6978
6980
6983
6984
6985
6986
6987
6988
6989
6991
6992
6993
6994
6996
6997
6998
7000
7001
7002
7003
7004
7005
7006
7008
7009
7010
7011
7012
7013
7014
7015
7017
7018
7020
7021
7023
7024
7025
7026
7027
7028
7029
7030
7031
7032
7033
7035
7037
7038
7039
7040
7041
7042
7043
7044
7045
7046
7047
7048
7050
7051
7052
7053
7054
7057
7058
7059
7061
7062
7063
7064
7066
7067
7068
7069
7070
7071
7072
7074
7075
7076
7077
7080
7081
7082
7083
7085
7086
7087
7089
7091
7092
7093
7095
7096
7097
7099
7100
7101
7104
7105
7106
7107
7110
7115
7116
7117
7119
7122
7125
7129
7131
7133
7135
7138
7144
7149
7153
7157
7159
7160
7161
7162
7164
7201
7203
7205
7206
7207
7208
7210
7211
7212
7213
7215
7216
7217
7218
7220
7221
7223
7224
7225
7229
7230
7231
7233
7234
7236
7237
7238
7239
7240
7241
7242
7243
7244
7246
7248
7249
7251
7252
7253
7255
7256
7257
7258
7259
7260
7261
7264
7265
7266
7267
7268
7270
7271
7272
7273
7274
7275
7276
7277
7278
7279
7280
7281
7283
7285
7286
7287
7289
7290
7291
7292
7293
7295
7296
7297
7298
7299
7300
7301
7303
7304
7307
7308
7309
7310
7311
7312
7314
7315
7316
7317
7318
7319
7320
7321
7322
7327
7328
7329
7330
7331
7332
7333
7334
7336
7339
7340
7341
7342
7343
7345
7346
7347
7348
7349
7351
7352
7353
7354
7356
7357
7359
7364
7365
7366
7367
7368
7370
7376
7377
7378
7381
7382
7383
7385
7386
7388
7389
7392
7396
7397
7400
7402
7406
7407
7411
7412
7414
7415
7416
7417
7418
7451
7457
7462
7465
7466
7468
7469
7470
7471
7472
7473
7476
7477
7479
7480
7481
7482
7483
7484
7486
7487
7489
7490
7491
7492
7493
7494
7495
7496
7499
7501
7504
7505
7506
7507
7508
7509
7510
7511
7512
7513
7514
7515
7516
7517
7518
7519
7522
7523
7525
7527
7528
7529
7530
7531
7532
7533
7534
7535
7536
7537
7538
7539
7540
7541
7542
7545
7546
7547
7550
7551
7552
7553
7554
7556
7557
7559
7560
7561
7562
7563
7564
7565
7566
7567
7568
7569
7570
7571
7572
7573
7574
7576
7577
7578
7579
7580
7581
7582
7583
7587
7589
7590
7592
7596
7597
7600
7603
7604
7605
7607
7611
7612
7614
7616
7617
7619
7620
7622
7623
7625
7626
7628
7629
7630
7631
7632
7633
7634
7635
7637
7639
7640
7643
7646
7648
7650
7651
7676
7680
7682
7685
7687
7688
7690
7691
7693
7695
7698
7699
7700
7701
7703
7704
7706
7707
7708
7710
7711
7713
7714
7715
7719
7720
7721
7722
7724
7725
7726
7727
7728
7731
7732
7733
7734
7735
7736
7737
7738
7739
7741
7742
7743
7744
7745
7746
7747
7748
7749
7750
7751
7752
7754
7755
7756
7757
7758
7759
7760
7761
7762
7764
7766
7767
7768
7769
7770
7771
7772
7773
7774
7775
7777
7778
7779
7780
7781
7782
7783
7784
7786
7787
7789
7790
7791
7792
7796
7799
7800
7801
7802
7803
7804
7806
7807
7808
7811
7812
7813
7814
7815
7817
7818
7820
7823
7824
7826
7829
7830
7832
7833
7834
7835
7839
7840
7842
7844
7845
7846
7847
7848
7849
7850
7856
7858
7859
7861
7862
7863
7865
7866
7867
7868
7869
7870
7871
7873
7876
7877
7880
7882
7883
7884
7886
7887
7888
7889
7890
7892
7893
7896
7897
7898
7899
7901
7902
7904
7905
7906
7907
7908
7921
7924
7930
7931
7932
7933
7935
7944
7945
7946
7948
7950
7952
7953
7956
7957
7958
7959
7960
7961
7962
7963
7964
7965
7967
7969
7970
7971
7974
7975
7976
7977
7978
7980
7981
7982
7984
7986
7987
7988
7989
7993
7994
7996
7997
7998
7999
8000
8001
8002
8003
8004
8005
8006
8007
8008
8009
8010
8011
8012
8013
8014
8015
8016
8017
8018
8019
8020
8021
8022
8023
8024
8025
8026
8027
8029
8030
8031
8032
8033
8034
8035
8036
8037
8038
8040
8041
8042
8043
8044
8045
8046
8047
8048
8049
8050
8052
8053
8054
8055
8056
8058
8060
8061
8062
8064
8065
8066
8067
8068
8069
8070
8071
8072
8073
8074
8075
8076
8077
8078
8079
8081
8082
8083
8085
8087
8088
8091
8092
8093
8094
8095
8096
8099
8100
8101
8102
8103
8104
8105
8106
8107
8108
8109
8110
8112
8113
8114
8115
8116
8117
8118
8119
8120
8121
8122
8123
8124
8125
8126
8127
8128
8129
8130
8131
8133
8135
8136
8137
8138
8139
8141
8142
8143
8146
8147
8150
8152
8157
8158
8161
8163
8181
8184
8190
8192
8194
8195
8197
8198
8202
8203
8210
8211
8212
8213
8216
8217
8222
8223
8225
8226
8227
8229
8230
8231
8232
8233
8234
8236
8237
8239
8240
8242
8243
8244
8245
8246
8247
8248
8249
8250
8251
8253
8254
8255
8257
8258
8260
8261
8262
8264
8265
8267
8269
8270
8271
8272
8273
8274
8275
8279
8280
8281
8282
8283
8284
8285
8286
8287
8288
8289
8290
8291
8292
8293
8294
8295
8296
8298
8300
8301
8302
8303
8304
8305
8306
8307
8308
8309
8311
8313
8315
8316
8317
8318
8320
8321
8322
8323
8324
8325
8326
8327
8328
8330
8331
8332
8333
8334
8335
8337
8338
8339
8340
8341
8342
8344
8345
8346
8347
8348
8349
8350
8351
8352
8353
8354
8355
8356
8357
8358
8359
8360
8361
8362
8365
8366
8367
8368
8369
8370
8371
8372
8374
8375
8376
8377
8378
8379
8381
8382
8384
8385
8386
8387
8388
8389
8390
8391
8393
8394
8395
8397
8398
8399
8402
8403
8404
8405
8406
8407
8410
8415
8417
8418
8420
8421
8422
8423
8424
8425
8426
8427
8428
8429
8430
8431
8432
8433
8438
8442
8451
8452
8453
8454
8455
8456
8457
8462
8466
8468
8469
8470
8472
8473
8476
8477
8478
8479
8480
8481
8482
8484
8486
8488
8489
8490
8491
8492
8493
8494
8495
8497
8499
8500
8501
8502
8503
8504
8505
8506
8508
8510
8511
8512
8513
8514
8516
8517
8518
8519
8521
8524
8525
8526
8527
8528
8531
8532
8533
8534
8535
8536
8537
8538
8539
8540
8541
8542
8543
8544
8546
8547
8548
8549
8550
8551
8552
8553
8554
8555
8556
8557
8559
8560
8561
8562
8563
8564
8565
8566
8567
8569
8570
8571
8572
8573
8574
8575
8576
8577
8578
8579
8580
8581
8582
8583
8584
8585
8586
8587
8588
8589
8590
8591
8592
8593
8594
8595
8596
8597
8598
8599
8600
8601
8602
8603
8604
8605
8606
8607
8608
8609
8611
8612
8613
8614
8615
8616
8617
8618
8619
8620
8621
8622
8623
8624
8625
8626
8627
8628
8629
8630
8631
8632
8634
8635
8636
8638
8639
8641
8642
8643
8644
8645
8646
8647
8648
8649
8650
8652
8653
8654
8655
8656
8659
8660
8664
8665
8666
8668
8669
8670
8671
8672
8673
8674
8675
8677
8678
8679
8682
8683
8684
8686
8687
8688
8690
8692
8693
8694
8695
8696
8697
8698
8702
8703
8705
8706
8707
8711
8712
8713
8714
8717
8718
8719
8720
8721
8722
8723
8725
8726
8727
8729
8730
8731
8733
8734
8735
8736
8737
8738
8739
8740
8741
8742
8743
8744
8745
8746
8747
8748
8749
8750
8751
8752
8753
8754
8755
8756
8757
8759
8761
8762
8763
8764
8765
8766
8767
8769
8770
8771
8772
8774
8775
8776
8777
8778
8779
8781
8782
8783
8784
8785
8786
8787
8789
8790
8791
8792
8794
8795
8796
8797
8798
8800
8802
8803
8805
8806
8807
8808
8809
8810
8811
8812
8813
8814
8815
8816
8817
8818
8819
8821
8822
8825
8826
8828
8830
8831
8832
8833
8834
8836
8837
8838
8839
8840
8841
8842
8843
8844
8845
8847
8848
8849
8850
8851
8852
8854
8855
8857
8858
8860
8861
8864
8865
8866
8867
8869
8870
8871
8872
8873
8874
8875
8876
8877
8878
8881
8882
8883
8884
8885
8886
8887
8889
8890
8891
8892
8893
8894
8895
8896
8897
8898
8899
8900
8901
8902
8903
8904
8905
8906
8907
8908
8910
8911
8912
8913
8914
8915
8916
8917
8919
8920
8921
8922
8924
8925
8926
8927
8928
8929
8930
8931
8932
8933
8934
8935
8936
8937
8938
8939
8941
8942
8943
8944
8945
8946
8947
8948
8949
8950
8951
8952
8953
8954
8957
8958
8959
8960
8961
8962
8963
8964
8965
8967
8968
8969
8970
8975
8976
8977
8978
8979
8980
8981
8982
8983
8984
8985
8986
8987
8988
8990
