2393
2394
2395
2396
2398
2399
2401
2403
2404
2405
2408
2409
2412
2413
2414
2415
2416
2418
2419
2421
2422
2423
2425
2426
2427
2428
2430
2431
2432
2434
2436
2437
2441
2442
2444
2446
2447
2452
2458
2459
2461
2462
2463
2464
2468
2471
2475
2476
2477
2481
2485
2494
2504
2508
2509
2510
2511
2512
2513
2515
2517
2519
2521
2523
2524
2527
2528
2534
2537
2538
2539
2542
2543
2545
2546
2547
2548
2549
2550
2551
2553
2554
2556
2560
2563
2564
2565
2567
2568
2570
2576
2579
2580
2582
2588
2599
2602
2605
2614
2672
2673
2675
2676
2677
2679
2680
2681
2682
2683
2684
2685
2686
2687
2688
2689
2690
2691
2692
2693
2694
2695
2696
2697
2698
2699
2702
2703
2704
2705
2706
2707
2708
2710
2711
2713
2714
2715
2716
2717
2718
2719
2720
2721
2722
2723
2724
2725
2726
2727
2728
2729
2730
2731
2732
2733
2734
2735
2736
2737
2739
2741
2743
2744
2745
2746
2755
2756
2757
2758
2760
2761
2762
2766
2773
2774
2778
2779
2782
2824
2826
2828
2830
2831
2832
2833
2834
2836
2838
2839
2840
2841
2845
2846
2848
2850
2852
2854
2856
2857
2859
2860
2861
2862
2863
2864
2865
2866
2868
2869
2870
2871
2872
2873
2874
2875
2878
2879
2881
2883
2885
2887
2889
2890
2894
2895
2896
2897
2899
2900
2904
2905
2909
2910
2914
2916
2917
2919
2920
2924
2962
2969
2970
2971
2972
2973
2974
2975
2976
2977
2978
2979
2980
2981
2982
2983
2984
2986
2989
2990
2991
2992
2993
2994
2995
2996
2997
2998
2999
3000
3002
3003
3004
3005
3006
3007
3008
3009
3010
3011
3013
3014
3016
3017
3020
3021
3023
3025
3026
3028
3029
3030
3031
3032
3033
3034
3035
3036
3037
3038
3039
3042
3045
3046
3047
3049
3050
3051
3052
3055
3056
3057
3059
3060
3061
3062
3063
3065
3102
3106
3107
3108
3109
3112
3113
3114
3115
3116
3117
3121
3123
3125
3129
3131
3132
3133
3135
3137
3138
3140
3141
3142
3143
3144
3145
3147
3148
3149
3152
3153
3155
3157
3158
3159
3160
3161
3162
3163
3164
3165
3166
3169
3170
3171
3172
3173
3174
3175
3177
3179
3181
3183
3185
3187
3188
3191
3196
3199
3203
3205
3206
3210
3211
3214
3246
3247
3251
3252
3253
3255
3256
3257
3258
3259
3260
3264
3266
3267
3268
3269
3270
3271
3272
3274
3276
3277
3279
3280
3281
3285
3286
3287
3289
3290
3291
3293
3295
3296
3297
3298
3299
3300
3301
3302
3303
3304
3305
3310
3311
3312
3313
3314
3315
3316
3317
3319
3320
3321
3322
3323
3324
3325
3326
3328
3329
3330
3331
3332
3333
3334
3335
3339
3340
3341
3343
3345
3346
3347
3349
3377
3382
3383
3385
3386
3387
3388
3389
3390
3391
3392
3393
3394
3395
3396
3398
3399
3400
3401
3402
3403
3404
3405
3406
3408
3409
3410
3411
3412
3414
3416
3417
3418
3419
3420
3422
3423
3425
3426
3427
3428
3429
3430
3431
3432
3433
3434
3435
3436
3437
3438
3439
3440
3441
3442
3443
3444
3445
3447
3449
3451
3452
3454
3457
3458
3459
3460
3461
3462
3463
3464
3466
3467
3468
3469
3470
3471
3473
3474
3476
3477
3480
3481
3511
3512
3524
3525
3526
3527
3528
3529
3530
3531
3532
3533
3535
3536
3537
3538
3539
3540
3541
3542
3544
3545
3546
3547
3550
3551
3552
3553
3554
3555
3556
3558
3559
3560
3561
3562
3566
3567
3568
3569
3571
3572
3573
3574
3576
3577
3578
3579
3580
3581
3583
3584
3586
3587
3588
3589
3590
3591
3592
3594
3595
3596
3600
3601
3602
3603
3632
3634
3638
3639
3640
3641
3642
3646
3647
3648
3649
3650
3651
3652
3653
3654
3657
3658
3659
3660
3661
3662
3663
3664
3665
3666
3667
3668
3669
3670
3671
3672
3673
3674
3676
3677
3678
3679
3680
3681
3682
3683
3684
3685
3686
3687
3688
3689
3690
3691
3692
3693
3694
3695
3696
3697
3699
3700
3702
3703
3704
3705
3706
3707
3708
3709
3710
3711
3712
3713
3714
3715
3716
3717
3718
3720
3721
3722
3723
3724
3725
3726
3727
3728
3729
3730
3731
3732
3733
3734
3735
3736
3737
3739
3740
3741
3742
3743
3744
3745
3746
3747
3748
3763
3772
3773
3774
3775
3776
3777
3778
3779
3780
3781
3782
3783
3784
3785
3786
3787
3788
3789
3790
3791
3792
3793
3794
3795
3796
3797
3798
3799
3800
3801
3804
3805
3806
3807
3808
3809
3810
3811
3812
3813
3814
3815
3816
3817
3818
3819
3820
3821
3822
3824
3825
3826
3827
3828
3829
3830
3831
3832
3833
3834
3835
3836
3837
3838
3840
3841
3842
3843
3844
3845
3846
3847
3848
3849
3850
3851
3852
3853
3854
3855
3856
3857
3858
3859
3860
3861
3862
3863
3864
3866
3867
3869
3870
3871
3872
3873
3874
3875
3876
3877
3878
3879
3880
3881
3882
3883
3884
3885
3886
3887
3888
3889
3890
3891
3892
3893
3895
3896
3897
3898
3899
3900
3901
3902
3903
3904
3905
3906
3907
3908
3909
3910
3911
3912
3913
3914
3915
3916
3917
3918
3919
3920
3921
3922
3923
3924
3925
3926
3927
3928
3929
3930
3931
3933
3934
3935
3936
3937
3938
3939
3940
3941
3942
3943
3944
3945
3946
3947
3948
3949
3950
3951
3952
3953
3955
3956
3957
3958
3959
3960
3961
3962
3963
3964
3965
3966
3967
3969
3970
3971
3972
3973
3974
3975
3976
3977
3978
3979
3980
3981
3982
3983
3984
3985
3986
3987
3988
3989
3992
3993
3994
3995
3996
3997
3998
3999
4000
4001
4002
4003
4004
4005
4006
4007
4008
4010
4011
4012
4013
4014
4015
4016
4017
4018
4019
4020
4021
4022
4023
4024
4025
4026
4027
4028
4029
4030
4031
4032
4033
4034
4035
4036
4037
4038
4039
4040
4042
4043
4044
4045
4046
4047
