2045
3565
3090
4040
3755
3850
2805
2615
4135
1950
3375
3280
3945
3660
2900
4230
2996
2710
4136
3186
3376
3471
2141
3756
2806
4041
4231
1951
3851
2426
2997
3661
2901
3187
4137
3567
3852
2617
3472
4042
2522
4232
3377
2048
2998
2807
3283
3947
2427
3757
1953
3568
3473
2999
2142
4043
3948
4233
4138
3853
2902
2808
2238
3378
3188
2618
2143
2523
3284
2809
1954
3189
3854
3095
2335
3758
3000
4045
2428
3664
2903
4235
4139
3379
3570
2524
1955
2050
3096
2239
2144
2619
3190
3855
3951
3759
4046
4140
2904
4236
2051
2429
2336
3380
3571
3002
2716
3097
4047
3952
3760
2146
3286
3191
2240
2811
3381
3666
3572
2717
4238
2905
1957
3003
3953
2053
2621
3192
4048
2430
4142
3761
3857
3573
1958
3954
2431
2812
3667
3287
3004
2906
4049
2054
3193
3383
4239
2622
2528
3955
3858
3762
4143
3005
2148
2718
3574
2432
4050
4240
3384
3956
3100
2813
3575
2907
3763
1960
4241
4144
2623
3385
4052
2814
3576
2434
2150
3101
3007
3195
3861
4145
2908
3958
2815
4242
3764
3386
3008
3196
4053
3577
3671
2531
4146
2435
3862
2721
2151
3959
3387
4243
3672
3765
2816
3009
2909
3578
2722
2059
3960
3766
4244
4147
3863
1964
3673
2626
3198
2152
2437
3010
2910
3961
3104
2817
4245
2438
2060
3389
4148
4056
3674
3580
3864
2349
4246
2911
3962
3768
2439
3105
2627
2724
2818
3390
3199
4057
2249
3012
3963
2912
1967
3391
3200
2440
3769
2628
4247
2154
4150
3676
3582
4058
3392
3964
2062
2441
2913
3013
2250
4248
2155
3583
4151
3770
3202
3965
3393
2821
4060
3494
4152
3584
2914
3867
3678
2156
2064
3015
4249
3203
2631
2822
3495
3771
4061
3109
3394
3966
3868
4153
2443
3585
1970
3679
2915
2157
2065
2823
2444
1971
3967
3395
3869
3772
2633
4251
4154
3680
4063
2254
2445
1972
3017
3587
3205
2158
3112
4252
3968
3870
2255
2634
3773
2824
3681
3018
2067
3588
3396
1973
4155
3969
4065
4253
2635
2068
2825
2731
1974
3871
2447
3207
3500
3774
3019
3397
2917
2160
4156
4254
2732
3683
3970
3590
1975
3208
3872
2448
1796
4067
3775
2826
4255
3398
3591
3971
4157
2918
2449
4068
3685
2161
3021
4256
2450
2638
3776
2827
3399
3592
3972
3210
3874
3503
3686
4158
3305
2259
4257
4069
2162
2072
2639
3504
1978
3117
3400
2828
2919
3777
3593
3973
2451
3211
3875
4070
3687
3306
4258
2073
2260
4159
3023
2920
3505
2640
2829
3594
3118
3974
3401
3778
3688
2163
4071
3024
3876
2074
4160
3212
3307
1980
2921
3595
2737
3506
3402
3689
3975
2453
3025
3213
2830
4260
1981
3779
2261
3877
3308
4072
2922
3596
4161
3976
3507
3690
3403
4073
3026
2642
4261
3878
3597
3309
2262
3214
4162
1983
3508
4262
3977
3598
3404
2832
3310
4074
3027
2456
3509
3781
2643
3879
4263
2833
3978
3599
4075
4163
3405
1985
3028
3216
3311
2458
3782
3880
4264
3979
2925
2834
4076
3600
4164
3406
3511
3694
2645
3029
4265
3217
2743
1987
3881
3783
3601
3980
2835
4165
3512
3407
4077
2265
1988
3695
3030
2646
3313
2168
3602
4266
2744
3513
3981
4078
3784
3882
3408
1989
2554
4166
3218
2169
4267
3031
3314
3696
3514
4079
3982
2837
3032
3409
1990
3315
3604
3219
2648
4167
3983
4080
3785
3697
4269
2838
2649
3605
1991
3516
4081
3410
4168
3220
3606
3698
3985
3786
4270
4082
3517
3034
3885
3317
4169
3411
3607
3699
3221
3130
1993
2840
3986
4271
2172
4170
3035
3131
3608
3318
2651
3787
3987
3519
3412
4272
2466
3222
1994
4171
2841
3132
2173
3319
3988
4273
3701
1995
3036
4084
3520
3413
3133
4172
3610
3788
2468
3521
3320
2842
3037
4274
2653
3989
3888
3134
2174
4085
3702
4173
2469
3522
4275
3415
1997
3038
2843
3789
3321
3990
3612
3889
4276
4086
3039
3523
1998
3135
4174
3322
2752
3225
3416
2470
2655
3790
4277
2090
2845
3704
2275
3136
1999
3040
4175
3226
3791
3417
3992
3524
4278
2000
2754
3890
3705
3137
3324
2657
4176
3041
2846
3615
3138
3042
2177
4279
4089
3526
3325
2473
4177
2658
3043
3228
3994
2847
3616
2002
2392
3139
3527
4280
4090
3793
3419
3892
2659
4178
3326
2178
2848
2003
2474
3617
3995
3528
3229
3708
3140
4179
3045
4091
4281
2568
3420
2660
3794
3618
3996
3327
2179
3893
3709
4180
2475
3230
2849
4282
3529
3141
2005
4092
3328
3046
3795
2476
2661
3530
3710
4181
2281
2006
2180
3422
3329
3047
3620
3142
4283
4093
2760
3531
3711
3796
3998
2850
3423
2571
2398
3048
3621
3330
3532
4094
2478
4284
2761
3999
3424
4183
3049
2008
2851
3331
3713
3234
2664
4095
2762
3050
3425
4184
4000
2400
2852
3798
3534
4286
4096
3426
4001
3714
2665
3051
4185
3624
3333
3535
3146
4002
2481
4097
4287
4186
2402
3715
3427
3536
3334
2854
3625
2012
2482
3800
2184
2403
3147
4003
3053
4098
4187
4288
3716
3428
2667
3537
3626
3801
2404
2483
4004
3054
3237
2185
3148
4188
4099
3717
3429
4289
3336
4005
2405
3539
2186
4100
4189
3149
3337
2856
3628
4290
3055
3430
2485
2406
2015
3540
4101
2187
3719
4190
3629
3803
2857
3431
2288
2486
3056
2016
3151
4102
3338
3720
2947
4191
4292
3630
3542
2858
3432
4103
3240
2671
2487
4009
2189
3631
3721
4192
3543
4293
2409
2018
3433
2948
4104
3340
2672
3241
2859
2190
2488
3632
4010
3153
3058
3722
4294
3806
3545
3434
4011
3059
3242
3341
3723
2411
2020
4194
2292
4295
2860
2490
4012
3435
3546
3060
3342
4106
2021
2412
3634
3243
4195
4296
3155
2192
4013
3807
2022
4107
2413
2861
3547
2950
3343
3725
3635
4297
3156
4196
2493
2675
3808
3437
2414
2193
4108
3344
3548
4298
3636
3910
3245
4197
4015
2862
2676
3438
2415
3063
2194
4109
3345
2952
3246
4299
4016
2025
3637
2416
3439
3064
2863
3158
3728
3550
4199
3346
3247
4110
2195
3810
4300
4017
2496
3440
3159
3551
3729
3638
3912
4200
3811
3248
4111
3347
3160
4018
2679
4301
3730
3639
2865
3913
2027
3441
4201
2196
2419
3249
3553
2498
3161
4019
2680
3067
4112
2420
3731
3554
2028
3348
4020
4202
2866
3250
3162
3914
2197
3442
3812
2681
2421
2499
3641
4113
3555
3251
3443
4021
3556
3349
4203
2682
3642
4114
2500
4304
2868
3814
3070
2030
2423
2199
4022
3733
2592
3916
3557
3350
4115
3252
2501
4305
4204
3071
2200
2683
3165
2424
3734
3815
3558
3445
3351
4116
3917
2870
3253
3072
4306
2304
2782
3816
3559
3166
2201
2684
4205
4024
2594
3918
3352
3254
4307
3446
3560
3736
2033
4118
2685
2202
4025
4206
3818
4308
3919
3353
3737
3255
3561
3168
4119
3447
2203
4026
3920
3075
2506
3354
3820
3562
2035
3738
2687
4120
3821
3169
3921
2204
2507
2597
4310
3563
4208
3355
3739
2786
2036
3258
2688
3077
3822
4028
3564
3170
4311
2598
3449
3740
3259
3823
2875
3356
2509
2787
2037
3078
4122
4029
4312
2689
2599
3171
3741
3923
2206
4210
3079
3357
3825
2038
4030
4123
2690
3172
3826
2600
4211
3358
4031
2511
2039
2789
3451
3081
4124
3827
3743
2691
3262
2877
3173
3925
3082
4212
4032
3828
3452
2040
2878
3359
4125
3744
2790
3263
3083
3174
2209
3926
2513
4033
2879
3360
2041
3830
3084
3175
2791
3745
2603
3927
2514
4034
2880
3831
4214
4127
3176
3265
3085
3361
3832
3746
2515
2604
3177
4128
2882
3928
2969
2792
4035
3266
3086
4215
2211
3362
3833
2043
3178
4129
2883
3087
2605
2212
3929
4036
4130
3179
3088
2517
2696
3748
2137
3268
3457
3835
4217
2213
3930
2606
4131
3364
3180
3089
4037
2887
2697
3269
2888
4132
2795
3931
2972
3749
3181
3365
4038
4133
3838
3459
3750
3182
2325
4134
3366
2891
2973
2796
3271
3933
2608
4219
3183
3751
2892
3367
3461
2701
3272
2974
2893
3934
3752
3368
4220
2702
3462
3842
3753
2798
2975
3369
3935
2894
3463
2703
3843
3754
4221
2219
3370
2895
2976
3936
2799
3274
3844
3464
4222
3371
2705
2897
3937
2800
4223
2612
2221
3276
3372
3846
2898
2978
4224
2801
3467
2613
2707
3938
3373
2979
4225
2802
2899
3278
3848
3939
3374
2980
4226
2803
3279
3849
3940
4227
2981
2804
3941
2982
4228
2226
2983
2227
4229
3943
2984
2228
3944
2985
2229
2986
2987
2988
2989
2991
2992
2993
2994
