3280
3850
3660
2425
2140
2900
3090
2710
2805
3945
3565
3185
3470
2330
2995
1950
4040
3755
1951
2901
3661
3091
3471
3281
2331
2521
2426
3377
3662
3566
3186
2902
4041
2807
3092
2712
3946
3852
3756
2997
2332
2427
3282
3472
2903
2808
3567
4042
3187
3663
1953
3093
2618
3379
2713
2143
3283
3757
2998
3664
3094
3947
2524
3568
3473
2809
3853
4043
2714
2999
2905
3665
3380
3188
2335
2525
3569
3948
3095
3474
3381
3758
2906
2240
4044
2811
2336
3949
2716
3285
3666
3000
2526
3854
3189
3475
2907
2812
1957
2717
3383
3286
3759
3001
2337
3667
2431
2813
3190
1958
3096
3571
4045
2908
2527
2338
3950
3476
2432
3287
4046
2814
3855
2719
1959
3191
3477
3097
2339
3002
2433
3951
3668
3385
3761
4047
1960
2815
3192
3478
2340
3098
2910
2721
3574
3669
2529
2341
3479
3289
2816
3952
4048
2624
3856
2435
3386
3003
3099
3762
2722
2625
2151
3387
2436
2342
4049
2530
3575
3763
2817
1962
3290
3480
2723
2343
3194
3100
2437
3857
3388
3953
3576
2626
3671
2818
2531
2438
3101
3195
2724
3004
3389
2153
4051
3577
3481
2627
1964
3858
2345
2819
2154
2725
3005
3765
3954
4052
3391
3859
1965
3103
3482
3292
3673
2534
2155
2726
3197
2628
3578
2346
3006
3392
2820
2535
3955
3766
4053
2441
2347
2727
2916
3483
3393
3674
3293
3198
3007
2821
2536
3579
3956
2630
3860
3394
3767
2917
3675
1967
3294
4054
3199
3106
3484
3861
3008
3580
2918
3676
3768
2350
3395
3107
3200
3957
3769
3295
1969
2632
3396
2824
3485
3009
3862
2351
4055
2538
2072
3201
3958
3581
4056
2825
3397
2921
3296
2633
2539
3010
2160
2732
3770
2922
2074
2826
1971
2540
3398
3110
2353
3959
3678
2733
3011
4057
3487
2827
3399
3679
3111
3582
3488
3771
2541
2635
2828
3960
3864
2355
3203
2735
3583
2077
2542
3772
3400
4058
2829
3680
3489
2356
3204
2637
3961
3113
2163
2926
2830
3681
3114
3401
3490
3773
2164
3585
2831
2737
3402
3205
3865
3015
4059
2358
3682
1977
2638
3403
3491
2165
4060
2544
3016
2359
2929
3962
3404
2739
3586
2833
4061
2545
3866
3207
2930
3017
2834
2639
3405
4062
2740
2167
2546
3776
3684
3018
2931
2835
3963
2741
3867
2168
2362
2640
3493
4063
3685
3019
3407
2641
2363
3588
3494
1981
3777
2169
4064
3209
3408
2837
3964
3686
3868
3020
3778
3495
2548
2744
2642
2365
3210
4065
3687
3409
3589
3965
3869
3021
3211
2745
3779
2088
3497
3590
2643
2839
3688
2936
2089
2746
3022
3966
2550
3411
3591
4066
1985
2644
3498
3212
2840
3780
2461
2368
3870
2747
2091
2645
3967
3412
3023
4067
2938
3499
3781
3592
2748
1987
2092
3413
2369
2646
2842
3691
4068
2463
3968
3024
3871
2370
3414
2647
3214
2464
4069
2094
2844
2750
3025
3872
3594
3783
3215
3501
3693
2095
2751
4070
2372
2845
2178
2942
2096
3969
3784
3416
3873
3595
2752
2373
2648
3216
3026
2555
2097
4071
3970
3785
2467
4072
2753
3027
2649
2180
3217
2556
1911
1993
3786
3596
2945
2468
2099
3418
3028
3971
2650
4073
3317
2376
3133
2100
3875
3218
3029
2755
3787
2850
1995
2651
2182
4074
3134
3318
2101
2470
3598
3505
1914
3030
3219
3420
2183
3972
3788
3319
2471
4075
3599
2652
3506
3421
3700
2472
3031
2379
3220
3789
2560
2104
2854
2653
2185
4076
3701
2561
3877
3790
3422
3600
2380
1918
3321
2855
2105
2186
3221
3138
3975
2654
3423
2474
2381
3791
3139
2856
3878
4077
3033
3424
2106
1920
2475
2655
2857
3792
3322
3140
3976
3425
2563
3509
3223
4078
2188
3602
3879
2383
2656
3426
3141
2762
2002
3880
3793
3035
2384
2657
4079
3224
3977
2109
3603
3142
2565
3427
2477
2385
3324
2190
3143
2478
3794
1925
3036
3881
2658
2191
2004
3604
2861
3978
1926
3144
2387
3325
2479
3795
4081
3037
3882
2765
3429
3513
2659
2862
2567
2388
2480
3796
2192
3979
3605
3038
3326
2006
3514
2863
4082
2568
3228
3430
3146
2481
3883
3709
3606
3980
2864
3039
3327
3147
4083
2661
3229
3515
2390
2194
3884
2115
3798
2865
3607
2962
3981
3710
3432
2008
4084
3148
3328
2483
2116
2570
3040
1932
3799
2662
2866
2009
3149
3433
2117
3885
2484
3608
3517
3982
2196
3329
3434
2118
2867
3150
4086
3983
2964
2663
2393
3886
3232
3518
3042
3800
3609
3330
2486
3151
2011
3435
2664
1935
2394
2868
3713
2120
3043
3887
4087
1936
3152
3801
2487
3436
2012
3610
3984
2395
3519
2869
3714
3044
2488
3153
2666
2013
3437
3234
3985
2396
3802
3611
2574
4088
3154
3045
3715
3438
3612
1940
2397
2014
3889
3803
2968
2575
2871
3521
3986
2775
3439
3333
2124
2201
4089
3046
2490
3155
3716
3236
3890
2872
2668
3440
2399
3334
3804
3522
3987
3717
3047
3156
2970
3614
3237
2669
1944
3718
3805
3891
2017
2284
4091
3988
2127
2971
3157
3523
2670
2578
3336
2401
3048
2204
3238
1945
2493
3615
3719
3158
2285
2972
3524
3443
3806
3989
3892
2671
2579
2875
3337
2494
2205
2129
2973
3159
3720
3807
2286
2876
2580
2130
3990
3338
1947
2495
2672
3240
3893
2974
3160
3808
2877
1948
2673
2496
2021
2287
3991
3721
2207
3339
3446
3526
2674
3894
3161
2975
1949
2497
3809
3618
2878
2208
2133
3722
2288
3340
3052
3992
3162
3527
3447
2498
3810
3895
2676
3619
3163
3448
2879
3341
3723
2977
3053
3528
2499
3993
2135
3811
2677
2210
2584
3243
2678
3529
3724
2500
2978
3621
2290
2211
2025
3994
2881
3343
3812
3450
2409
2585
3897
3725
2679
3244
2291
3995
2882
3813
3344
3622
2027
3056
3166
3726
2980
3898
2883
2411
3245
3452
3531
2028
2680
2292
3996
3345
2503
2587
3167
3453
3814
2981
3246
3624
3532
3727
2884
2504
3057
2413
3168
2681
3346
3815
3454
2982
3997
3728
2294
2505
3625
2885
3169
2682
3816
2983
3247
2791
3347
2216
3058
3534
3900
2295
3998
3170
2683
3626
3348
3817
3248
2507
3730
2984
2416
2217
3627
3535
3457
3349
2887
3999
2684
3059
3171
3901
3731
3818
3350
2985
3458
2218
3628
2685
2888
3172
4000
3732
2795
2509
3351
3536
3060
3459
3902
3819
3250
2986
2298
2686
3352
3629
3733
2796
3460
3537
3173
2687
3903
3461
3630
2797
2420
2511
2987
3820
3251
3734
4001
3538
2890
2039
2594
2798
3174
2688
3631
2300
2799
3539
3735
2988
2891
3463
4002
3821
2041
3632
2595
3464
3540
3175
2800
2690
2301
3736
3905
2892
3822
3357
2514
3633
3541
2691
4003
3253
2801
2597
2302
3634
3358
3737
2424
3176
3906
2990
3466
3823
3542
2692
2802
4004
3467
3738
3635
2693
3543
2303
3065
3468
3907
3824
2803
2991
3739
2694
3361
4005
2304
3255
3066
3636
3544
3178
3469
2695
3362
3825
2518
3908
2601
3545
2992
2305
2696
2896
3363
4006
3256
3741
2697
3546
2519
3638
3826
2993
4007
3909
3068
2897
3180
3547
3742
3257
2307
3827
4008
2994
2699
3640
3548
2700
3549
2308
3181
2898
3641
3910
4009
3744
3550
3642
2701
2607
4010
2309
3643
3551
2899
2702
3911
3259
4011
3644
3830
3552
2310
3183
2703
4012
3072
3553
3260
3831
3646
4013
3912
3184
2311
3747
3647
3073
2705
3554
4014
3913
3748
3261
3648
2312
4015
3555
3074
3833
3749
3649
4016
3556
3075
3262
3750
3834
3650
3557
4017
2314
3751
2709
3263
3651
3077
2316
4019
3836
3264
3753
3652
3078
2317
4020
3560
3265
3837
3754
3918
3653
4021
2318
3561
3266
3838
3654
4022
3562
3267
3839
2319
3920
3655
3082
4023
3268
2320
3563
3840
3921
3656
3564
3269
2321
3084
3922
3657
4025
3842
3270
2322
3085
3923
3658
4026
2323
3844
3924
3659
4027
3272
2324
3845
3925
3088
4028
3273
2325
3846
3926
4029
3274
2326
3847
3927
4030
3275
2327
3928
3848
4031
2328
3277
3849
3929
4032
2329
3278
3930
4033
3279
3931
4034
4035
3933
4036
3934
4037
3935
4038
3936
4039
3937
3938
3939
3940
3941
3942
3943
3944
