5940
6985
6890
5085
5560
5275
6225
5180
7460
7080
6415
4610
6510
4895
7555
7270
6035
5845
6700
6130
7365
5941
5371
6891
5181
5656
7081
7271
5086
4611
6986
7556
7461
6701
7936
6416
7366
6511
5182
6796
4612
4991
5562
5657
5942
7176
6892
7082
6131
6512
6987
7557
5372
7843
7367
5846
6702
7462
5183
5658
6797
6417
7272
5943
6513
6988
5563
6893
5088
4897
5753
7178
5184
6227
4993
6038
7084
6798
6989
7463
6894
6418
5469
5944
6514
7273
7085
5089
6133
4898
6799
5374
7558
6419
6704
6990
4615
6895
5470
6327
7179
4994
7086
7464
6134
7369
5565
6420
6228
5471
6328
5945
5090
7180
5186
6608
7087
5848
6896
7465
6229
6421
7088
5187
7274
6705
7370
4900
6801
6991
7181
6516
5662
6136
7466
4901
6897
5188
6422
5091
6802
5757
5473
6230
5946
7371
5377
5850
7089
6609
6992
6137
5189
6706
4997
7467
5378
4617
5474
6517
4902
6231
7275
6610
5092
6707
6423
7468
6138
7182
7372
5190
7090
4903
5663
4618
6611
6899
4998
5759
7373
5947
5475
4904
7183
6994
6424
6518
5853
7562
6332
6139
5380
6233
7469
6995
5191
6333
6519
5760
7092
7184
7276
5854
5095
5381
7375
6901
6140
7563
6709
5665
5192
6234
6613
5286
5571
7470
6807
4906
5477
6334
7185
4620
5382
5096
7376
5666
7277
5761
6710
7564
4907
5478
6614
7471
6235
6335
6997
6903
6427
5383
7377
5002
5667
6522
5856
7187
7278
6711
5194
6998
4908
7472
6904
5573
4622
6336
5950
6236
7565
5098
5479
5668
5857
7378
7473
6615
6523
4909
6712
7188
6429
7279
5195
6999
5858
5951
6616
6144
4910
7379
7189
4623
6430
7000
6524
5480
5099
7098
5196
7566
7474
6145
7280
6338
6238
6617
6713
5952
7190
6431
4911
7001
5100
6525
7099
7380
6907
5576
7281
6714
5859
4624
6432
6618
5388
6239
5101
6340
5671
6146
6526
7100
7567
7002
7381
7191
6715
5577
7476
7282
6433
6619
6909
6240
6341
5007
5860
6147
5672
7568
5102
5578
7382
7477
4626
6910
6434
7283
5390
6716
5861
7003
7193
7102
7569
7478
4914
6620
5579
6911
5955
7383
6343
6148
6529
7103
7194
6435
4915
5862
5580
5104
6912
7479
5673
7004
5201
7384
6243
7104
7570
7284
6530
6344
6436
7480
6149
5674
6913
6622
7005
5487
6718
5010
5863
5202
6244
7105
7385
4917
6345
6623
5488
6437
5393
6719
5106
7481
7571
6245
5582
6150
5675
5864
6058
5203
6346
7006
7386
5107
6720
5394
5957
4630
6915
7482
7572
6438
6624
7286
4919
6347
7107
6151
5204
6820
5583
7387
6916
5395
6721
5108
4631
5490
7573
6439
4920
7007
6348
7108
5205
6247
5013
7198
6152
6917
5584
5677
6821
5396
6060
5109
6722
6440
6349
7388
7287
5959
6248
6625
7109
7484
5867
5206
7008
7574
6153
5014
5585
5397
6061
5110
6918
5678
6441
6350
7110
5015
6535
5207
5868
7389
7288
4922
6249
7575
6723
7485
6062
6154
5398
7009
6351
5679
6442
5111
6919
5869
6536
6626
6250
4634
7111
7576
5208
7201
6920
7390
5399
7010
5112
5870
6352
5587
6251
7289
4543
7112
7577
4635
6825
7487
6725
7011
7391
5209
6063
5588
6444
6353
7202
6156
6252
6627
7113
4544
6922
5496
5114
7488
6826
7290
5589
4925
6726
7012
5210
6064
6445
7392
6354
6539
5018
4636
6253
7114
7578
6628
7203
6923
5211
4545
5872
6157
4926
7489
5965
7013
7393
6540
6727
6254
5019
6924
5683
7204
5116
7291
4546
6356
5591
5873
7579
6629
5403
6541
5305
6447
6728
5213
6925
7116
6255
6158
7394
5499
7205
4547
5966
7014
4637
7491
6357
4928
5592
5874
5404
7685
5021
6067
6630
6448
5593
7015
5685
7117
6729
7492
5967
7395
5875
5118
6543
6159
7581
4929
7206
6449
7493
6926
5686
5594
7118
7016
5022
5215
5968
5876
5119
7396
4639
7293
7494
6450
5406
6927
6258
6360
6731
6832
7582
6631
7207
6160
5023
5596
6070
5216
5877
7397
7017
4931
5407
7120
6928
6451
6361
4640
5121
6833
7583
7208
5597
6161
5878
7018
4552
5217
7398
7294
5408
6929
7121
5122
7496
6362
4553
6633
5598
6733
5970
7122
6162
5409
6072
7209
7019
5025
5218
6930
7399
7295
6363
5123
6548
5690
7584
7497
5410
5311
6835
7020
6734
4843
5219
7123
6931
6163
7400
7210
5599
4554
4934
6634
5971
6453
4642
5026
5691
7296
6549
6932
5411
7498
6836
6262
5880
7124
5600
6735
7021
5312
4555
5125
7401
6365
7211
6164
4935
5027
6263
6074
5972
6933
5412
7022
4643
6736
6550
5221
7586
5313
7125
4936
4556
5126
7500
7297
7212
6264
5601
5881
6075
5693
4644
6455
6934
7126
6636
5314
6166
7587
6367
6737
4937
7403
5029
7213
5127
7023
7501
5602
5973
6552
7298
5882
6456
5694
4558
6935
7127
5315
6368
6077
7214
6553
5030
5974
7404
5603
5128
6738
6637
4559
5224
5416
6266
7128
7024
5883
6457
6078
6739
6369
6554
6168
7503
5129
4647
5225
7215
6638
6267
7025
7405
4939
6079
7129
6841
5696
4560
6370
5884
6458
7300
5130
5605
7504
5226
4940
7216
7026
5418
4648
6080
4561
5885
5032
5976
6842
6459
6556
4941
6640
6081
5419
7027
7591
6171
7131
6843
5227
5131
7301
6939
4649
7217
5886
6372
6742
5796
4942
5607
6270
7506
6082
6557
5420
7028
7132
6641
5132
6940
4563
7408
7592
7302
5421
5699
6373
5797
7507
6845
4943
6172
7218
6743
7133
5034
6558
5133
7029
7409
4564
7593
7303
5979
5320
6374
5422
5798
7219
6643
6173
6559
5609
7134
6084
5700
7594
7030
6942
6273
6744
7410
6375
5035
6462
6560
6174
5135
7135
6847
7304
4651
5980
5799
5610
7595
6943
7509
7220
6085
6376
6644
7031
4566
6274
6175
7411
5136
6745
4652
6561
7136
6463
5889
5036
5800
7510
6944
7596
7221
6377
5425
6176
6086
6849
5233
7137
6275
6746
7412
6645
4567
4653
7033
5612
6945
5426
7511
5801
6177
7597
7306
7138
7222
7413
6087
6378
7034
5138
6850
6563
5323
5234
6276
5613
7598
6646
6946
6178
5802
6466
7139
6851
7223
6088
5139
5522
7512
5614
7307
6379
7414
6277
6564
7599
7140
6748
6647
5983
6089
7035
6852
6179
5523
5615
6947
4570
5140
6467
5704
5429
7513
6278
7141
6565
7415
6380
7600
5236
5804
6749
5892
6090
6648
5524
7036
5984
4571
6948
5141
6468
7514
7142
6566
7416
6279
6381
5430
5237
7226
5327
7309
5617
4953
6181
7601
5985
7515
4572
5525
6750
6649
5142
6280
5805
6382
5893
5618
7143
6469
4863
6182
5328
7516
4954
5431
6950
6092
4573
7418
6281
7310
6383
5143
6751
7144
7602
6650
7517
4864
6568
5526
6470
5619
5432
6183
5806
6951
4659
6384
5329
7311
7145
6651
6471
6752
5987
5241
6385
7146
4660
5528
5895
7603
6857
6652
6472
7312
5708
6953
6570
6753
5330
7519
6283
7229
5242
7147
5529
5988
6095
4661
6185
6571
6473
7604
5331
5896
5146
6954
6754
5622
7148
5530
5435
7313
7230
6284
5989
6653
6387
5332
5809
6572
7421
7605
6859
6474
6186
4577
6955
5147
7521
6755
5531
7149
5436
6654
5623
7422
6475
6956
5810
5333
6756
6285
5148
5245
6097
4578
7150
6573
7522
7606
5437
5532
7314
4664
6389
7232
4870
5991
6476
5712
5811
5624
6757
7151
6957
5334
6286
6574
5533
5438
6098
7607
7523
5149
6862
5625
5713
6390
6958
7233
5246
7423
5812
6477
7315
6758
5335
5899
6189
6287
7524
5534
4580
6656
6099
7608
7424
5049
5150
6863
4962
5247
6391
5626
6959
4666
6759
5535
7234
5813
4581
7154
4963
6864
7525
6392
7425
7316
6960
5050
5627
6101
4667
5715
6657
5536
6760
7609
7235
6191
6479
7155
4582
5441
7526
6865
4964
6289
6393
5152
5814
4668
4874
6480
5442
6658
7527
4583
6761
7427
5338
6961
6192
5250
5629
6866
7610
6394
6290
4669
5153
6103
7157
7237
5538
6762
6962
6481
4584
7611
5630
5339
6659
7528
7158
6291
5995
7428
5903
6104
7238
4670
4967
6868
5154
6396
5445
7529
6482
6194
7429
7319
7159
5340
6964
4585
6105
7239
6869
4671
6764
7160
4968
7530
5904
5632
7430
7613
4878
5817
5156
6483
7053
4586
6870
6965
5720
6661
5542
7240
7431
5056
7161
6765
4969
7614
6196
5721
6107
6398
7321
6484
5905
7531
5633
6966
6871
5998
7432
4587
5543
7241
7162
6662
5819
4970
6108
7532
5158
7322
5343
5257
6399
6967
4881
7242
5906
6872
6767
5820
4588
5159
6663
7055
6296
7164
7533
5450
5258
7616
6968
5635
4882
5545
6486
7434
6768
6400
4589
5344
7056
4972
7165
5451
7534
7617
6487
6401
6969
6769
5345
6199
6111
7435
4973
6874
7244
4883
5822
5452
5161
7535
4590
5547
6402
6664
4674
5908
7057
6001
6970
7618
6299
7167
6875
6770
6112
4884
7436
5548
5638
7536
4974
7325
7058
4675
6665
7619
7168
6201
6971
5347
7246
6876
6113
6771
5549
5454
7537
6300
5639
4885
6404
6972
5163
5910
7169
5263
7438
6877
6772
7620
7059
6114
7247
4886
7326
5550
5640
4676
6003
6301
6666
7538
7439
4976
5911
6405
6773
7170
5825
4887
7248
7440
7060
6203
4977
5456
6406
5641
4594
5551
7539
6302
7621
7171
6974
6667
5457
7327
5826
6774
4677
6407
4978
7249
7061
5912
7441
4888
6116
5642
7540
6204
5552
6493
5351
7172
6668
6408
7622
5166
6975
7442
5458
7250
7062
7541
6880
6117
5913
7328
4889
6005
6205
5643
5827
7173
5459
6409
6976
5267
5167
5554
7542
7443
7329
6495
4890
6669
4679
7174
6118
6206
5460
6881
6006
5353
5828
6776
5914
4981
7251
4680
6207
7543
6977
5645
5461
5168
6670
5829
6119
6882
6412
6777
6208
5354
5915
7445
7252
7544
6413
5462
4599
7065
6120
6883
5169
7331
5646
6671
4983
5557
7625
6209
4892
7545
6978
6414
5355
4682
5916
6778
7446
5830
5170
6884
7253
5647
4600
6672
7066
7546
7626
4893
5558
6121
6598
7447
6979
5831
4683
7333
6885
5648
5171
6009
6599
4985
5559
4894
7254
7547
7067
6211
7448
6498
6673
7627
6122
6980
6600
5358
5649
6886
6781
5918
7334
7255
6010
5359
6782
7449
7548
6601
7628
5650
6499
5919
6123
4684
4603
5173
4987
7335
6783
6888
7549
7450
6602
7629
7257
6676
6214
5360
5651
5737
7069
7451
7550
6124
6785
7630
4988
5652
5174
6215
5834
4685
7258
6677
7336
5920
4604
6012
6501
7551
5653
7452
6786
6983
6125
5362
5080
7337
7070
7631
6216
4989
5654
7259
6787
5175
6678
4605
5835
7552
5363
6502
7071
6984
5739
5081
6217
6679
7632
4687
7260
6788
5364
5922
4606
7339
7454
6318
5836
7553
4688
6680
6789
7633
6127
7340
5176
5740
6218
7455
6014
7554
4607
7261
7073
5837
7341
5083
5366
6790
6219
6128
4690
7634
7074
7456
5177
6682
5084
7342
7262
6504
6791
5924
7075
5838
5368
6129
4691
7457
7343
6792
5178
7076
7263
5369
6221
5839
6505
7636
6016
7077
6793
6685
4693
7345
5179
7264
5840
7637
5744
7078
7459
4694
6222
6686
6794
7346
7079
5745
7638
7265
7347
6223
5928
4696
6508
5746
6224
7348
5843
7639
7266
5929
6689
6509
4697
7349
5930
7640
5844
4698
5748
7268
5931
7350
6691
6022
7269
6023
7351
6693
4701
5934
6694
4702
7353
6695
5936
6028
7355
5937
6696
7356
5938
6697
6030
7357
5939
6698
7358
7359
6699
7360
7361
7362
7363
