8125
6510
8790
7080
8315
8600
8030
6795
7935
8695
7840
6985
6700
6035
7270
8885
8410
7745
6131
8980
6320
7556
8505
7365
7650
8126
6511
8791
8031
8886
7081
7746
8601
6226
7271
6606
8696
6986
8222
8127
8316
6227
7462
8981
8887
8032
7366
6321
6701
8697
7651
8982
7747
7842
8792
8128
7272
8506
7367
8033
8317
8223
6987
6702
6893
7082
6228
8602
6418
6513
6322
7748
7557
6036
6608
8889
7368
7273
6894
8129
8603
8698
8034
6229
8983
8318
6323
6988
6037
8794
8415
7844
8890
7749
6704
6610
5945
8508
8130
8604
8035
8225
6421
7750
8891
7083
7559
6989
7370
6705
8131
7274
8320
7751
8795
8226
8984
8605
6422
6324
8036
8510
7845
6516
8892
8796
8417
7465
6706
7752
8985
6991
8037
8321
6231
8133
8227
7275
8606
8418
6707
7085
8797
8893
7846
6039
8607
6613
8511
6992
8986
8702
7466
6897
5947
7847
8038
8322
6232
6326
7560
7754
6518
8608
8798
7086
8703
8987
8894
6993
6040
8229
7276
8135
8323
7848
8230
7087
7755
8512
7561
5948
8040
8895
6709
7849
8609
8231
8324
8136
8988
6519
7468
8420
8705
7756
8232
6234
8513
7376
6994
6710
6804
6329
7277
8041
8800
7089
6042
7944
7757
8706
8137
7469
6520
8233
8896
8514
6616
7377
8325
7850
7562
8611
5949
8421
7470
7278
8042
7563
8138
8234
8897
8990
7758
8326
8707
6043
6331
7471
8422
7378
6996
8612
7279
5950
7945
8139
8802
6427
8043
8898
6522
7759
6044
6712
8236
6332
8327
7472
7091
8044
7280
8803
8613
7564
6997
8516
6236
7946
8237
8899
8423
7760
8328
8517
7092
8045
6713
7281
7473
6523
5951
7761
8141
8614
6620
8424
8900
6998
6334
8239
8805
7381
6046
8046
7093
8615
7762
8425
8901
7565
8518
8142
8711
5952
6715
8240
7948
7382
8330
8902
8047
8426
8616
8806
8143
7856
6047
6623
7566
7283
7383
5953
7000
8712
6152
7764
6716
6809
8617
8519
8807
8048
8331
8903
7095
7476
8713
6717
8427
8242
7001
8618
8808
6337
7567
8904
8049
7950
8332
7858
7477
6241
6526
7385
7766
8243
8619
8428
8809
5955
7096
8714
8146
7285
6433
8050
7568
8905
8521
6811
7386
7002
7767
8244
6718
8810
6527
7859
8429
5956
8620
8333
8147
6627
7569
6242
6050
7768
7479
8811
6719
8906
7097
8621
7286
6156
8245
8052
8430
7003
8334
5957
6434
7388
7769
8812
7952
6720
6051
7570
8907
8717
7861
8246
8053
6529
8622
7004
7480
6243
7953
7389
8813
8908
6721
7862
8431
7770
8150
6435
8335
6052
8718
7099
7287
6341
8623
8247
7571
8054
7863
7005
7771
8524
8432
6244
6630
8624
8248
7481
6342
8814
6815
8910
7572
6436
8719
5959
6531
8152
7100
7772
8055
8625
6723
7006
8433
7482
8337
8911
6343
8720
8525
8056
7773
6816
6245
6632
7289
7392
8249
7573
8626
7865
7956
7483
7101
8815
6437
8912
7774
6163
8250
7574
8338
5961
8627
8721
7201
8816
6725
7866
6164
7290
7775
8913
7484
8526
8628
8339
6247
6165
8058
6438
8722
8251
8817
8914
8629
7008
7867
5962
6818
7576
8340
7957
7777
7291
6166
8527
8915
6727
6346
8630
7203
8157
7868
8723
8818
8341
6819
7009
7486
6535
6167
7396
7778
8528
8060
8631
8253
8916
7958
6728
7869
7577
6057
7292
8158
8342
7104
7487
8819
8917
7779
7397
7870
8254
8061
6250
8632
8725
6729
7010
6820
7293
7205
8438
6169
7105
8255
6058
7780
7578
7871
8726
8062
7959
6251
8821
5965
6730
7781
6170
8344
7206
7676
8634
6442
7106
7011
7489
8919
8727
7579
8257
8161
8822
6171
7782
8345
6350
7012
7873
7107
7400
7207
8531
8064
7490
6731
8920
5966
7783
7295
8635
6172
8346
7208
8921
6823
7960
8065
8258
8163
6732
7784
7491
8729
8532
6539
7296
8636
7580
8066
8922
5967
6253
6444
7013
7492
8347
8730
6174
6733
8442
7876
8260
7961
8533
7402
8067
7297
7210
8825
5968
6254
6175
7493
6540
7786
6062
7877
7014
6734
8261
8348
8731
8638
6445
6176
7581
7962
8826
7494
8068
8534
8924
7211
6255
7787
7298
6063
8262
8639
6177
5970
6735
7110
7015
8349
7963
6826
8069
8925
7582
7680
7495
7299
7212
8733
6736
8828
6178
7789
8350
8535
6827
8264
8926
7964
8070
7583
6356
6737
8265
7880
5972
8641
7213
7790
8927
7017
8351
8734
6447
8536
7300
7496
6828
6257
7682
6180
8071
7406
8642
6544
7965
8928
7791
8830
6738
5973
8537
8352
7018
6448
8735
8072
8267
8643
6181
8929
7882
7792
8831
6739
7215
7407
6545
7301
6258
8353
6182
8736
8644
8538
8073
7883
7967
8930
5974
8832
6740
7216
7499
8074
8737
6183
8354
8269
8931
8539
8645
6259
7884
6741
7020
8833
6831
8738
6184
7685
7115
8270
8932
8646
8075
8451
6185
7217
7587
5976
7796
7969
7021
8739
8540
6742
7303
8355
7116
7501
8834
6548
8271
6832
6186
7886
8647
8452
8076
8933
5977
7304
8541
6743
6187
6070
7411
8272
8740
6452
7218
8453
8356
7687
7887
6833
8648
8934
8077
5978
7970
7117
8273
7023
8542
7589
8836
8741
6188
6071
6834
7688
6453
7799
7412
8935
8357
8078
7888
8454
8649
5979
8274
7971
6263
7590
8742
8837
6745
7800
8936
7504
8543
8650
7024
5980
7220
8275
7889
8079
8455
7119
8358
6189
7801
8838
6835
6746
7690
6366
8743
7307
8937
7505
7221
7890
8544
6552
7025
7802
8456
7414
8181
8839
7691
8359
8938
6191
5981
7592
7308
6747
7506
7803
8744
7026
8652
8840
6553
8081
6192
8939
8457
8360
7415
7892
7309
7507
6837
8841
7223
7974
7804
5982
8653
8745
8082
8546
8361
8279
7027
7122
6267
7508
6194
6749
7416
8280
7224
7893
8654
7693
8746
8842
7310
8941
6076
8547
6369
8083
6838
8362
6195
6458
7806
7028
8184
7417
7975
8843
8747
7225
6750
5984
7509
8281
6555
8942
6196
8655
7029
8548
8282
7807
6077
7510
7418
8748
7311
6197
5985
8943
8844
7695
7976
8656
8283
6556
8085
7808
7511
8845
6840
8749
7312
8944
7896
5986
7596
8549
6270
8462
7977
7030
6460
6198
7512
6752
7125
8284
7597
6942
8945
6271
7897
8750
8847
6841
6753
8365
8550
6558
7031
5987
8659
7229
8087
8285
7513
8946
8751
6461
6200
7811
7978
8848
8551
6272
7698
7514
7032
8947
7898
8286
6559
6201
8088
8660
8752
5988
7230
7314
8366
6842
7812
6754
6944
8190
8849
8287
8552
7699
8948
7033
7515
7813
7315
6463
7600
8753
7899
6560
8367
6843
8288
7231
8850
8553
6203
8949
6756
7980
7814
6464
7316
7516
8368
8289
8192
7129
5990
7700
8754
8466
8851
6274
8950
8091
7901
6757
6946
6082
7815
6844
8369
8554
7981
8290
7517
5991
7701
6465
8755
8852
7035
7233
7317
8951
6758
7902
6845
8194
8092
7518
8370
8291
8555
8664
6466
7234
7131
8952
8468
7603
8756
7982
7519
5992
7817
7318
8371
6207
6759
8195
8093
8665
6276
7037
6846
8854
8556
8953
8292
8469
7818
7904
8757
6208
8372
8666
7703
8094
6949
7236
6467
7319
8557
7604
8855
6847
8954
7038
6760
5993
8293
7133
8197
6085
7704
8095
7905
6209
7237
8470
6761
8294
7984
7320
7820
5994
8759
7605
6951
8198
7039
8668
6210
8096
6566
6849
8374
7906
8559
7238
8295
6469
7321
8857
6762
7522
6279
7040
7907
8560
7135
7706
8375
8669
8858
8296
6470
8957
7239
7523
8472
6850
6087
6678
7322
8761
6952
7986
7607
8561
7823
8376
7041
7908
7707
7240
6568
8099
6764
8670
8958
6953
8762
6213
7987
8473
7824
7042
6280
8377
8100
8671
5997
8298
8959
7708
8562
6765
8763
7525
6954
6569
6472
7988
8860
8202
7241
7043
6281
8101
8378
7138
7826
6766
8563
8960
5998
6955
8861
7242
8672
8203
8764
8379
7611
6682
8102
8300
6570
7044
7989
8564
7710
6854
8476
8961
7612
6956
8765
7243
8673
7527
8103
6217
6767
8301
6283
8962
6571
7711
7045
8565
8477
8381
8766
8674
8104
6684
6218
6768
6000
7528
7244
6572
8864
8302
8963
7327
6958
7829
7614
7046
8767
6769
8382
8105
8478
6685
8675
8566
7328
7529
7830
8865
6573
8964
6475
6001
6284
8303
7047
6220
7713
6770
8866
7246
8106
8479
7530
6002
6221
8965
8769
6960
8304
7329
7048
7832
8567
8677
8384
7616
6771
7144
6093
8867
7714
6687
7993
8107
6575
7833
8305
8678
7617
7531
8385
8967
7994
6688
6223
7330
8480
7715
6859
6477
8108
8770
7834
8569
8306
7248
8968
8679
8210
7050
6004
6773
8386
7835
6689
8969
8570
6860
8869
8771
8109
7331
7532
8307
7051
8211
8481
6963
8970
6577
6478
6005
7996
8387
8571
7249
6096
6690
7619
6774
8772
8870
6861
8308
8110
7533
6964
7052
7332
8212
7620
8482
6006
8871
6578
6691
8388
6479
6775
7534
6862
7997
8572
7053
6965
8309
7839
8682
7921
8774
7333
8213
7149
8389
7535
6776
8872
7054
8573
7719
6692
7251
7998
8775
8484
8112
6863
8975
8683
6480
7334
8873
8390
6580
7252
7536
8574
7720
8776
7622
6777
8113
6099
6693
8311
8976
8684
8391
7999
8777
6481
8874
8977
8575
7623
6694
8114
7924
7537
8216
7253
6100
8486
8576
7721
8978
8778
7336
6865
8875
8000
7538
6695
6969
8577
6482
7153
8217
8313
7057
8115
8779
7625
6101
7722
8686
8979
8578
6696
8876
7539
6780
8393
8001
7451
8116
7058
7255
6970
7626
6102
8579
8781
6583
8687
8488
7540
7059
8877
6697
6781
8117
6012
6103
8394
8580
8489
8002
8782
7256
6971
8688
7724
6484
8878
6698
7541
6782
8118
6013
7628
8783
8581
8395
6298
7061
7725
7542
8490
6299
6105
7629
8784
8582
7257
8119
7062
6783
6869
7339
6485
6972
8003
7930
8690
6300
7726
7630
8491
6586
7063
8785
6016
7157
8583
6784
8397
7631
8786
7064
7931
8584
7340
8120
6017
6785
7727
7545
8492
6973
7258
8398
8004
8787
7932
7457
8881
8585
6303
6018
7632
8121
8692
7066
6110
7546
7341
7159
6487
7933
8586
6590
7728
8399
7633
8122
8882
7259
8493
6974
8005
7342
8789
8587
7067
8693
6788
6591
6305
7547
6020
7160
7634
8588
8494
8123
6789
7343
7068
8883
7260
6592
7635
8006
8589
6021
7161
8694
6976
7069
6790
8124
6307
6593
8884
8495
7261
6022
8590
7162
8007
7550
6791
7070
7345
8402
6308
6977
7637
7731
8591
7551
6792
8008
7071
7346
8403
8497
6309
8592
6410
6595
7552
6978
7732
7164
8009
6490
6874
6793
8404
6025
7347
7639
7072
6310
8593
7553
7264
6794
7348
8405
8010
8499
7733
6026
6311
8594
7554
7640
6491
7265
8011
7349
8406
6980
8500
7734
7266
6312
7074
8595
6027
8012
8407
6493
8501
7267
6313
6878
7075
7735
8596
7643
6028
7351
8013
7736
6314
6494
8597
8502
7076
7268
6983
7352
7737
6315
8014
6495
8503
8598
6881
7077
7353
6984
7646
7738
8015
6316
6125
6031
8504
7354
8599
6604
7739
8016
6883
6318
6498
7648
7356
6319
8017
6034
6885
6129
7741
6500
7357
8018
7742
8019
7743
7359
8020
6503
7744
8021
6505
8022
8023
7364
6507
8024
6508
8025
8026
8027
8029
