2995
3185
3280
2425
2710
3945
4040
3850
2900
3470
3660
3946
2521
2426
2711
2996
3851
3566
3471
2427
3947
3661
3187
3281
3377
3567
3948
3852
2997
4042
2428
3662
2523
3188
3949
3853
2713
3568
4043
3473
2998
3950
3663
4044
2714
2524
3951
2430
3854
3664
2904
3569
3952
4045
2715
2999
2905
3191
3855
3665
2431
3953
4046
3474
2716
3285
3856
3000
4047
3666
3382
3857
2717
2432
3571
2527
3383
3572
3476
3955
3667
2718
3286
3002
3763
3858
2528
3477
2719
3573
3668
3956
2434
3859
2909
3003
3287
2720
3669
3102
3574
3385
3957
2721
2910
3860
3004
3958
3386
2436
3670
3480
2722
3289
3196
3387
3861
3005
3959
3576
2437
3671
3290
2723
3481
3388
3862
3006
3960
3577
2724
3106
3672
3291
3863
3389
3199
2534
3578
3107
2914
2725
3961
3864
3007
3390
3673
2726
3108
2441
3579
3962
3391
3674
3293
3866
3109
2727
2824
3008
2442
3963
3580
3392
3867
2728
3676
3964
2537
3772
3393
2916
3009
3295
3581
2444
3965
2729
2826
3010
3869
2538
3296
2917
3394
3677
3112
3203
3773
2730
3870
3011
3966
2539
3297
2828
3583
3678
3967
2731
2446
3871
3113
3395
3298
2919
3205
3584
3774
2732
3872
3679
3114
2447
3299
3013
3206
3396
2733
2830
3680
3115
3873
3775
2920
3969
2542
2734
2831
3300
3014
3970
3586
2543
3874
3776
2832
3116
3398
2735
3587
3971
3681
3777
3875
3301
3016
2833
2736
3399
3117
3588
3876
3972
3778
2545
2737
3302
3017
2834
3682
3400
3210
2452
3589
3877
3973
2546
3401
2924
3683
3590
3303
3211
2739
3974
3878
3779
2547
3684
3402
2836
3879
3975
3121
3780
3304
3403
2548
3020
2741
3591
3685
3976
3880
2838
3404
3305
3592
3977
2549
3781
3686
3881
3123
2839
3405
3021
2743
2550
3978
3782
3214
3594
3882
3687
3979
3406
2551
2744
2840
3125
3783
3595
3883
2745
3980
3023
2841
2458
3784
2553
3884
2746
3981
3688
3408
3596
2554
3982
2459
3885
3785
3689
3983
3409
3025
3310
3886
3690
3410
3311
3786
2556
3984
3129
2461
3887
2845
3312
3026
3787
3985
3411
3888
3691
2462
3986
2846
3131
3788
3313
3889
2463
3412
3987
3600
3692
3132
2848
3789
2464
3890
3028
3988
3314
3601
2560
3693
3891
3133
3989
3790
3315
3029
3414
3892
3694
3602
2850
3511
3791
2755
3695
3135
3030
3316
3893
3512
3603
3792
2852
3992
2756
3317
2563
3416
2468
3031
3696
3993
2757
2564
3793
3417
3895
3137
3994
2854
3697
2758
3032
3319
2565
3418
3896
3995
3794
3138
3419
3033
3996
3897
3320
3795
2567
2760
2856
3898
2471
3699
3321
3420
3997
3034
2568
3140
2761
3796
2857
3322
3899
3035
3998
3700
3797
2762
3141
3900
3323
3999
3422
3142
3798
2570
3036
2859
4000
3901
3423
3143
3702
3324
4001
2860
3037
3799
3902
3144
3703
2475
3325
4002
2766
3145
2861
3038
3425
3326
3903
4003
2476
3800
3704
3524
2862
4004
3039
3904
3426
3147
2477
3801
4005
2863
3525
3148
3705
3905
3328
3427
2864
3526
4006
3149
3906
2576
3329
4007
2865
3527
3428
2672
3042
3706
3804
3907
4008
2866
3330
3707
3528
3429
2673
3805
3908
3152
3331
3708
3430
2773
3806
3529
2579
2481
2868
3153
4010
3909
2774
3431
3709
3332
2675
3045
2869
3530
4011
3910
3807
3432
2580
2676
2870
3531
3333
3433
4012
3155
3710
3046
3911
3808
2677
3334
2871
4013
3711
3434
3532
3912
3809
3047
3157
4014
2582
3335
2872
3913
3246
2679
3712
2778
2485
3435
3158
3533
3810
4015
3247
2680
3713
3914
2873
3436
2779
4016
3811
3159
3049
2874
2681
3714
4017
3915
3437
3160
3812
2875
3050
3535
4018
2682
3438
3916
3715
3161
3051
3813
4019
2683
3917
3439
3162
2782
3536
3716
3814
3339
2684
3052
3251
3440
4020
3918
3163
2588
3717
3537
2878
3815
2685
3919
4021
3164
3252
3441
3340
2879
3718
4022
2962
3538
3920
2686
3253
3165
3816
3442
3055
4023
2687
3341
3921
3166
3817
2881
3539
4024
3720
3922
3056
3255
3443
2688
2494
3721
3444
4025
3923
3256
3540
3057
2689
3818
4026
2883
3169
3445
3257
2690
3722
3924
3541
4027
3819
3343
3170
3258
3925
3632
4028
3059
3542
3723
2691
3820
3171
3926
3447
3259
2885
4029
2692
3724
3927
3060
3172
4030
3260
3634
3345
2393
3821
2693
3173
3544
3725
3928
4031
2887
3449
3061
2969
2694
2599
2394
3174
3822
3346
3545
4032
3929
3726
2695
2970
3062
3175
2395
4033
3546
2889
3063
3930
3264
4034
2696
3727
2396
3824
2971
2890
3347
3451
3547
4035
3931
2697
3177
3728
2972
3638
4036
3452
3825
3266
2602
2698
3065
4037
3729
3639
2504
2973
3933
4038
3826
3267
3730
3349
3179
2699
3640
2974
3454
3934
4039
2398
3827
3550
3268
2975
3731
3935
3641
3551
2894
3936
2605
2976
3828
3269
3181
2399
3552
3937
2508
2895
3457
3270
3642
3732
2977
3829
3938
2702
2509
3553
2896
3830
3458
3271
3733
3183
3939
2703
2510
2978
3831
3272
3734
3554
2897
3459
2401
3940
3832
2704
2979
2511
3833
3460
3941
3834
3735
2705
3646
3555
2512
3274
2980
3835
2899
3942
3461
3736
2706
3836
2403
3647
3556
3943
2981
3462
3837
2513
3737
2707
3648
3838
3276
3463
2614
3944
2404
2982
3464
2708
3649
3840
3558
3277
2515
2405
2983
3841
3739
3650
3466
3842
3559
3467
3740
3843
3651
2984
2517
3468
3279
3741
3560
3844
3652
3845
3469
3742
2408
3561
3846
3653
3743
2519
2986
3847
2409
3744
3562
3848
3654
3849
3745
2989
2412
3746
2990
3747
2413
3657
3748
2991
2414
3658
2992
2415
2993
3659
2416
2994
2418
2419
2421
2422
2423
